Gab's Two Phase Simplex Solver v1.0.0

Two Phase: No

Start of Phase I:

+00.00  +00.00  ||  +01.00  -03.00  -01.00  -02.00  +00.00  +00.00  |  +00.00
----------------||--------------------------------------------------|--------
+01.00  +00.00  ||  +01.00  +02.00* -02.00  +00.00  +01.00  +00.00  |  +02.00
+00.00  +01.00  ||  +00.00  +01.00  +03.00  +01.00  +00.00  +01.00  |  +05.00

+01.50  +00.00  ||  +02.50  +00.00  -04.00  -02.00  +01.50  +00.00  |  +03.00
----------------||--------------------------------------------------|--------
+00.50  +00.00  ||  +00.50  +01.00  -01.00  +00.00  +00.50  +00.00  |  +01.00
-00.50  +01.00  ||  -00.50  +00.00  +04.00* +01.00  -00.50  +01.00  |  +04.00

+01.00  +01.00  ||  +02.00  +00.00  +00.00  -01.00  +01.00  +01.00  |  +07.00
----------------||--------------------------------------------------|--------
+00.38  +00.25  ||  +00.38  +01.00  +00.00  +00.25  +00.38  +00.25  |  +02.00
-00.12  +00.25  ||  -00.12  +00.00  +01.00  +00.25* -00.12  +00.25  |  +01.00

+00.50  +02.00  ||  +01.50  +00.00  +04.00  +00.00  +00.50  +02.00  |  +11.00
----------------||--------------------------------------------------|--------
+00.50  +00.00  ||  +00.50  +01.00  -01.00  +00.00  +00.50  +00.00  |  +01.00
-00.50  +01.00  ||  -00.50  +00.00  +04.00  +01.00  -00.50  +01.00  |  +04.00

otima
11.0000000
0.0000000 1.0000000 0.0000000 4.0000000
0.5000000 2.0000000
