Gab's Two Phase Simplex Solver v1.0.0

Two Phase: No

Start of Phase I:

+00.00  +00.00  +00.00  ||  -02.00  -04.00  -08.00  +00.00  +00.00  +00.00  |  +00.00
------------------------||--------------------------------------------------|--------
+01.00  +00.00  +00.00  ||  +01.00* +00.00  +00.00  +01.00  +00.00  +00.00  |  +01.00
+00.00  +01.00  +00.00  ||  +00.00  +01.00  +00.00  +00.00  +01.00  +00.00  |  +01.00
+00.00  +00.00  +01.00  ||  +00.00  +00.00  +01.00  +00.00  +00.00  +01.00  |  +01.00

+02.00  +00.00  +00.00  ||  +00.00  -04.00  -08.00  +02.00  +00.00  +00.00  |  +02.00
------------------------||--------------------------------------------------|--------
+01.00  +00.00  +00.00  ||  +01.00  +00.00  +00.00  +01.00  +00.00  +00.00  |  +01.00
+00.00  +01.00  +00.00  ||  +00.00  +01.00* +00.00  +00.00  +01.00  +00.00  |  +01.00
+00.00  +00.00  +01.00  ||  +00.00  +00.00  +01.00  +00.00  +00.00  +01.00  |  +01.00

+02.00  +04.00  +00.00  ||  +00.00  +00.00  -08.00  +02.00  +04.00  +00.00  |  +06.00
------------------------||--------------------------------------------------|--------
+01.00  +00.00  +00.00  ||  +01.00  +00.00  +00.00  +01.00  +00.00  +00.00  |  +01.00
+00.00  +01.00  +00.00  ||  +00.00  +01.00  +00.00  +00.00  +01.00  +00.00  |  +01.00
+00.00  +00.00  +01.00  ||  +00.00  +00.00  +01.00* +00.00  +00.00  +01.00  |  +01.00

+02.00  +04.00  +08.00  ||  +00.00  +00.00  +00.00  +02.00  +04.00  +08.00  |  +14.00
------------------------||--------------------------------------------------|--------
+01.00  +00.00  +00.00  ||  +01.00  +00.00  +00.00  +01.00  +00.00  +00.00  |  +01.00
+00.00  +01.00  +00.00  ||  +00.00  +01.00  +00.00  +00.00  +01.00  +00.00  |  +01.00
+00.00  +00.00  +01.00  ||  +00.00  +00.00  +01.00  +00.00  +00.00  +01.00  |  +01.00

otima
14.0000000
1.0000000 1.0000000 1.0000000
2.0000000 4.0000000 8.0000000
