Gab's Two Phase Simplex Solver v1.0.0

Two Phase: No

Start of Phase I:

+00.00  +00.00  +00.00  +00.00  ||  +10.00  +01.00  +00.00  +00.00  +00.00  +00.00  |  +00.00
--------------------------------||--------------------------------------------------|--------
+01.00  +00.00  +00.00  +00.00  ||  -02.00  -02.00  +01.00  +00.00  +00.00  +00.00  |  +01.00
+00.00  +01.00  +00.00  +00.00  ||  +01.00  +00.00  +00.00  +01.00  +00.00  +00.00  |  +02.00
+00.00  +00.00  +01.00  +00.00  ||  +00.00  +01.00  +00.00  +00.00  +01.00  +00.00  |  +09.00
+00.00  +00.00  +00.00  +01.00  ||  -02.00  +02.00  +00.00  +00.00  +00.00  +01.00  |  +05.00

otima
0.0000000
0.0000000 0.0000000
0.0000000 0.0000000 0.0000000 0.0000000
