Gab's Two Phase Simplex Solver v1.0.0

Two Phase: Yes

Start of Phase I:

+01.00  -01.00  -01.00  +01.00  -01.00  -01.00  +01.00  ||  +00.00  +02.00  -01.00  +00.00  -02.00  +01.00  -01.00  -01.00  +01.00  -01.00  -01.00  +01.00  +00.00  +00.00  +00.00  +00.00  +00.00  +00.00  +00.00  |  -48.00
--------------------------------------------------------||----------------------------------------------------------------------------------------------------------------------------------------------------------|--------
-01.00  +00.00  +00.00  +00.00  +00.00  +00.00  +00.00  ||  -02.00  -00.00  +01.00  -01.00  -02.00  -01.00  +00.00  +00.00  +00.00  +00.00  +00.00  +00.00  +01.00  +00.00  +00.00  +00.00  +00.00  +00.00  +00.00  |  +09.00
+00.00  +01.00  +00.00  +00.00  +00.00  +00.00  +00.00  ||  +02.00  -02.00  -01.00  +00.00  +01.00  +00.00  +01.00  +00.00  +00.00  +00.00  +00.00  +00.00  +00.00  +01.00  +00.00  +00.00  +00.00  +00.00  +00.00  |  +06.00
+00.00  +00.00  +01.00  +00.00  +00.00  +00.00  +00.00  ||  +00.00  +02.00  +00.00  -02.00  -01.00  +00.00  +00.00  +01.00  +00.00  +00.00  +00.00  +00.00  +00.00  +00.00  +01.00  +00.00  +00.00  +00.00  +00.00  |  +05.00
+00.00  +00.00  +00.00  -01.00  +00.00  +00.00  +00.00  ||  +01.00  -01.00  -01.00  +01.00  +02.00  +00.00  +00.00  +00.00  -01.00  +00.00  +00.00  +00.00  +00.00  +00.00  +00.00  +01.00  +00.00  +00.00  +00.00  |  +03.00
+00.00  +00.00  +00.00  +00.00  +01.00  +00.00  +00.00  ||  +00.00  -01.00  -01.00  +00.00  +02.00  +00.00  +00.00  +00.00  +00.00  +01.00  +00.00  +00.00  +00.00  +00.00  +00.00  +00.00  +01.00  +00.00  +00.00  |  +08.00
+00.00  +00.00  +00.00  +00.00  +00.00  +01.00  +00.00  ||  +00.00  +00.00  +01.00  +00.00  +01.00  +00.00  +00.00  +00.00  +00.00  +00.00  +01.00  +00.00  +00.00  +00.00  +00.00  +00.00  +00.00  +01.00  +00.00  |  +07.00
+00.00  +00.00  +00.00  +00.00  +00.00  +00.00  -01.00  ||  -01.00  -00.00  +02.00* +02.00  -01.00  +00.00  +00.00  +00.00  +00.00  +00.00  +00.00  -01.00  +00.00  +00.00  +00.00  +00.00  +00.00  +00.00  +01.00  |  +10.00

+01.00  -01.00  -01.00  +01.00  -01.00  -01.00  +00.50  ||  -00.50  +02.00  +00.00  +01.00  -02.50  +01.00  -01.00  -01.00  +01.00  -01.00  -01.00  +00.50  +00.00  +00.00  +00.00  +00.00  +00.00  +00.00  +00.50  |  -43.00
--------------------------------------------------------||----------------------------------------------------------------------------------------------------------------------------------------------------------|--------
-01.00  +00.00  +00.00  +00.00  +00.00  +00.00  +00.50  ||  -01.50  +00.00  +00.00  -02.00  -01.50  -01.00  +00.00  +00.00  +00.00  +00.00  +00.00  +00.50  +01.00  +00.00  +00.00  +00.00  +00.00  +00.00  -00.50  |  +04.00
+00.00  +01.00  +00.00  +00.00  +00.00  +00.00  -00.50  ||  +01.50  -02.00  +00.00  +01.00  +00.50  +00.00  +01.00  +00.00  +00.00  +00.00  +00.00  -00.50  +00.00  +01.00  +00.00  +00.00  +00.00  +00.00  +00.50  |  +11.00
+00.00  +00.00  +01.00  +00.00  +00.00  +00.00  +00.00  ||  +00.00  +02.00  +00.00  -02.00  -01.00  +00.00  +00.00  +01.00  +00.00  +00.00  +00.00  +00.00  +00.00  +00.00  +01.00  +00.00  +00.00  +00.00  +00.00  |  +05.00
+00.00  +00.00  +00.00  -01.00  +00.00  +00.00  -00.50  ||  +00.50  -01.00  +00.00  +02.00  +01.50  +00.00  +00.00  +00.00  -01.00  +00.00  +00.00  -00.50  +00.00  +00.00  +00.00  +01.00  +00.00  +00.00  +00.50  |  +08.00
+00.00  +00.00  +00.00  +00.00  +01.00  +00.00  -00.50  ||  -00.50  -01.00  +00.00  +01.00  +01.50  +00.00  +00.00  +00.00  +00.00  +01.00  +00.00  -00.50  +00.00  +00.00  +00.00  +00.00  +01.00  +00.00  +00.50  |  +13.00
+00.00  +00.00  +00.00  +00.00  +00.00  +01.00  +00.50  ||  +00.50* +00.00  +00.00  -01.00  +01.50  +00.00  +00.00  +00.00  +00.00  +00.00  +01.00  +00.50  +00.00  +00.00  +00.00  +00.00  +00.00  +01.00  -00.50  |  +02.00
+00.00  +00.00  +00.00  +00.00  +00.00  +00.00  -00.50  ||  -00.50  -00.00  +01.00  +01.00  -00.50  +00.00  +00.00  +00.00  +00.00  +00.00  +00.00  -00.50  +00.00  +00.00  +00.00  +00.00  +00.00  +00.00  +00.50  |  +05.00

+01.00  -01.00  -01.00  +01.00  -01.00  +00.00  +01.00  ||  +00.00  +02.00  +00.00  +00.00  -01.00  +01.00  -01.00  -01.00  +01.00  -01.00  +00.00  +01.00  +00.00  +00.00  +00.00  +00.00  +00.00  +01.00  +00.00  |  -41.00
--------------------------------------------------------||----------------------------------------------------------------------------------------------------------------------------------------------------------|--------
-01.00  +00.00  +00.00  +00.00  +00.00  +03.00  +02.00  ||  +00.00  +00.00  +00.00  -05.00  +03.00  -01.00  +00.00  +00.00  +00.00  +00.00  +03.00  +02.00  +01.00  +00.00  +00.00  +00.00  +00.00  +03.00  -02.00  |  +10.00
+00.00  +01.00  +00.00  +00.00  +00.00  -03.00  -02.00  ||  +00.00  -02.00  +00.00  +04.00  -04.00  +00.00  +01.00  +00.00  +00.00  +00.00  -03.00  -02.00  +00.00  +01.00  +00.00  +00.00  +00.00  -03.00  +02.00  |  +05.00
+00.00  +00.00  +01.00  +00.00  +00.00  +00.00  +00.00  ||  +00.00  +02.00  +00.00  -02.00  -01.00  +00.00  +00.00  +01.00  +00.00  +00.00  +00.00  +00.00  +00.00  +00.00  +01.00  +00.00  +00.00  +00.00  +00.00  |  +05.00
+00.00  +00.00  +00.00  -01.00  +00.00  -01.00  -01.00  ||  +00.00  -01.00  +00.00  +03.00  +00.00  +00.00  +00.00  +00.00  -01.00  +00.00  -01.00  -01.00  +00.00  +00.00  +00.00  +01.00  +00.00  -01.00  +01.00  |  +06.00
+00.00  +00.00  +00.00  +00.00  +01.00  +01.00  +00.00  ||  +00.00  -01.00  +00.00  +00.00  +03.00  +00.00  +00.00  +00.00  +00.00  +01.00  +01.00  +00.00  +00.00  +00.00  +00.00  +00.00  +01.00  +01.00  +00.00  |  +15.00
+00.00  +00.00  +00.00  +00.00  +00.00  +02.00  +01.00  ||  +01.00  +00.00  +00.00  -02.00  +03.00* +00.00  +00.00  +00.00  +00.00  +00.00  +02.00  +01.00  +00.00  +00.00  +00.00  +00.00  +00.00  +02.00  -01.00  |  +04.00
+00.00  +00.00  +00.00  +00.00  +00.00  +01.00  +00.00  ||  +00.00  +00.00  +01.00  +00.00  +01.00  +00.00  +00.00  +00.00  +00.00  +00.00  +01.00  +00.00  +00.00  +00.00  +00.00  +00.00  +00.00  +01.00  +00.00  |  +07.00

+01.00  -01.00  -01.00  +01.00  -01.00  +00.67  +01.33  ||  +00.33  +02.00  +00.00  -00.67  +00.00  +01.00  -01.00  -01.00  +01.00  -01.00  +00.67  +01.33  +00.00  +00.00  +00.00  +00.00  +00.00  +01.67  -00.33  |  -39.67
--------------------------------------------------------||----------------------------------------------------------------------------------------------------------------------------------------------------------|--------
-01.00  +00.00  +00.00  +00.00  +00.00  +01.00  +01.00  ||  -01.00  +00.00  +00.00  -03.00  +00.00  -01.00  +00.00  +00.00  +00.00  +00.00  +01.00  +01.00  +01.00  +00.00  +00.00  +00.00  +00.00  +01.00  -01.00  |  +06.00
+00.00  +01.00  +00.00  +00.00  +00.00  -00.33  -00.67  ||  +01.33  -02.00  +00.00  +01.33  +00.00  +00.00  +01.00  +00.00  +00.00  +00.00  -00.33  -00.67  +00.00  +01.00  +00.00  +00.00  +00.00  -00.33  +00.67  |  +10.33
+00.00  +00.00  +01.00  +00.00  +00.00  +00.67  +00.33  ||  +00.33  +02.00  +00.00  -02.67  +00.00  +00.00  +00.00  +01.00  +00.00  +00.00  +00.67  +00.33  +00.00  +00.00  +01.00  +00.00  +00.00  +00.67  -00.33  |  +06.33
+00.00  +00.00  +00.00  -01.00  +00.00  -01.00  -01.00  ||  +00.00  -01.00  +00.00  +03.00* +00.00  +00.00  +00.00  +00.00  -01.00  +00.00  -01.00  -01.00  +00.00  +00.00  +00.00  +01.00  +00.00  -01.00  +01.00  |  +06.00
+00.00  +00.00  +00.00  +00.00  +01.00  -01.00  -01.00  ||  -01.00  -01.00  +00.00  +02.00  +00.00  +00.00  +00.00  +00.00  +00.00  +01.00  -01.00  -01.00  +00.00  +00.00  +00.00  +00.00  +01.00  -01.00  +01.00  |  +11.00
+00.00  +00.00  +00.00  +00.00  +00.00  +00.67  +00.33  ||  +00.33  +00.00  +00.00  -00.67  +01.00  +00.00  +00.00  +00.00  +00.00  +00.00  +00.67  +00.33  +00.00  +00.00  +00.00  +00.00  +00.00  +00.67  -00.33  |  +01.33
+00.00  +00.00  +00.00  +00.00  +00.00  +00.33  -00.33  ||  -00.33  +00.00  +01.00  +00.67  +00.00  +00.00  +00.00  +00.00  +00.00  +00.00  +00.33  -00.33  +00.00  +00.00  +00.00  +00.00  +00.00  +00.33  +00.33  |  +05.67

+01.00  -01.00  -01.00  +00.78  -01.00  +00.44  +01.11  ||  +00.33  +01.78  +00.00  +00.00  +00.00  +01.00  -01.00  -01.00  +00.78  -01.00  +00.44  +01.11  +00.00  +00.00  +00.00  +00.22  +00.00  +01.44  -00.11  |  -38.33
--------------------------------------------------------||----------------------------------------------------------------------------------------------------------------------------------------------------------|--------
-01.00  +00.00  +00.00  -01.00  +00.00  +00.00  +00.00  ||  -01.00  -01.00  +00.00  +00.00  +00.00  -01.00  +00.00  +00.00  -01.00  +00.00  +00.00  +00.00  +01.00  +00.00  +00.00  +01.00  +00.00  +00.00  +00.00  |  +12.00
+00.00  +01.00  +00.00  +00.44  +00.00  +00.11  -00.22  ||  +01.33  -01.56  +00.00  +00.00  +00.00  +00.00  +01.00* +00.00  +00.44  +00.00  +00.11  -00.22  +00.00  +01.00  +00.00  -00.44  +00.00  +00.11  +00.22  |  +07.67
+00.00  +00.00  +01.00  -00.89  +00.00  -00.22  -00.56  ||  +00.33  +01.11  +00.00  +00.00  +00.00  +00.00  +00.00  +01.00  -00.89  +00.00  -00.22  -00.56  +00.00  +00.00  +01.00  +00.89  +00.00  -00.22  +00.56  |  +11.67
+00.00  +00.00  +00.00  -00.33  +00.00  -00.33  -00.33  ||  +00.00  -00.33  +00.00  +01.00  +00.00  +00.00  +00.00  +00.00  -00.33  +00.00  -00.33  -00.33  +00.00  +00.00  +00.00  +00.33  +00.00  -00.33  +00.33  |  +02.00
+00.00  +00.00  +00.00  +00.67  +01.00  -00.33  -00.33  ||  -01.00  -00.33  +00.00  +00.00  +00.00  +00.00  +00.00  +00.00  +00.67  +01.00  -00.33  -00.33  +00.00  +00.00  +00.00  -00.67  +01.00  -00.33  +00.33  |  +07.00
+00.00  +00.00  +00.00  -00.22  +00.00  +00.44  +00.11  ||  +00.33  -00.22  +00.00  +00.00  +01.00  +00.00  +00.00  +00.00  -00.22  +00.00  +00.44  +00.11  +00.00  +00.00  +00.00  +00.22  +00.00  +00.44  -00.11  |  +02.67
+00.00  +00.00  +00.00  +00.22  +00.00  +00.56  -00.11  ||  -00.33  +00.22  +01.00  +00.00  +00.00  +00.00  +00.00  +00.00  +00.22  +00.00  +00.56  -00.11  +00.00  +00.00  +00.00  -00.22  +00.00  +00.56  +00.11  |  +04.33

+01.00  +00.00  -01.00  +01.22  -01.00  +00.56  +00.89  ||  +01.67  +00.22  +00.00  +00.00  +00.00  +01.00  +00.00  -01.00  +01.22  -01.00  +00.56  +00.89  +00.00  +01.00  +00.00  -00.22  +00.00  +01.56  +00.11  |  -30.67
--------------------------------------------------------||----------------------------------------------------------------------------------------------------------------------------------------------------------|--------
-01.00  +00.00  +00.00  -01.00  +00.00  +00.00  +00.00  ||  -01.00  -01.00  +00.00  +00.00  +00.00  -01.00  +00.00  +00.00  -01.00  +00.00  +00.00  +00.00  +01.00  +00.00  +00.00  +01.00  +00.00  +00.00  +00.00  |  +12.00
+00.00  +01.00  +00.00  +00.44  +00.00  +00.11  -00.22  ||  +01.33  -01.56  +00.00  +00.00  +00.00  +00.00  +01.00  +00.00  +00.44  +00.00  +00.11  -00.22  +00.00  +01.00  +00.00  -00.44  +00.00  +00.11  +00.22  |  +07.67
+00.00  +00.00  +01.00  -00.89  +00.00  -00.22  -00.56  ||  +00.33  +01.11  +00.00  +00.00  +00.00  +00.00  +00.00  +01.00* -00.89  +00.00  -00.22  -00.56  +00.00  +00.00  +01.00  +00.89  +00.00  -00.22  +00.56  |  +11.67
+00.00  +00.00  +00.00  -00.33  +00.00  -00.33  -00.33  ||  +00.00  -00.33  +00.00  +01.00  +00.00  +00.00  +00.00  +00.00  -00.33  +00.00  -00.33  -00.33  +00.00  +00.00  +00.00  +00.33  +00.00  -00.33  +00.33  |  +02.00
+00.00  +00.00  +00.00  +00.67  +01.00  -00.33  -00.33  ||  -01.00  -00.33  +00.00  +00.00  +00.00  +00.00  +00.00  +00.00  +00.67  +01.00  -00.33  -00.33  +00.00  +00.00  +00.00  -00.67  +01.00  -00.33  +00.33  |  +07.00
+00.00  +00.00  +00.00  -00.22  +00.00  +00.44  +00.11  ||  +00.33  -00.22  +00.00  +00.00  +01.00  +00.00  +00.00  +00.00  -00.22  +00.00  +00.44  +00.11  +00.00  +00.00  +00.00  +00.22  +00.00  +00.44  -00.11  |  +02.67
+00.00  +00.00  +00.00  +00.22  +00.00  +00.56  -00.11  ||  -00.33  +00.22  +01.00  +00.00  +00.00  +00.00  +00.00  +00.00  +00.22  +00.00  +00.56  -00.11  +00.00  +00.00  +00.00  -00.22  +00.00  +00.56  +00.11  |  +04.33

+01.00  +00.00  +00.00  +00.33  -01.00  +00.33  +00.33  ||  +02.00  +01.33  +00.00  +00.00  +00.00  +01.00  +00.00  +00.00  +00.33  -01.00  +00.33  +00.33  +00.00  +01.00  +01.00  +00.67  +00.00  +01.33  +00.67  |  -19.00
--------------------------------------------------------||----------------------------------------------------------------------------------------------------------------------------------------------------------|--------
-01.00  +00.00  +00.00  -01.00  +00.00  +00.00  +00.00  ||  -01.00  -01.00  +00.00  +00.00  +00.00  -01.00  +00.00  +00.00  -01.00  +00.00  +00.00  +00.00  +01.00  +00.00  +00.00  +01.00  +00.00  +00.00  +00.00  |  +12.00
+00.00  +01.00  +00.00  +00.44  +00.00  +00.11  -00.22  ||  +01.33  -01.56  +00.00  +00.00  +00.00  +00.00  +01.00  +00.00  +00.44  +00.00  +00.11  -00.22  +00.00  +01.00  +00.00  -00.44  +00.00  +00.11  +00.22  |  +07.67
+00.00  +00.00  +01.00  -00.89  +00.00  -00.22  -00.56  ||  +00.33  +01.11  +00.00  +00.00  +00.00  +00.00  +00.00  +01.00  -00.89  +00.00  -00.22  -00.56  +00.00  +00.00  +01.00  +00.89  +00.00  -00.22  +00.56  |  +11.67
+00.00  +00.00  +00.00  -00.33  +00.00  -00.33  -00.33  ||  +00.00  -00.33  +00.00  +01.00  +00.00  +00.00  +00.00  +00.00  -00.33  +00.00  -00.33  -00.33  +00.00  +00.00  +00.00  +00.33  +00.00  -00.33  +00.33  |  +02.00
+00.00  +00.00  +00.00  +00.67  +01.00  -00.33  -00.33  ||  -01.00  -00.33  +00.00  +00.00  +00.00  +00.00  +00.00  +00.00  +00.67  +01.00* -00.33  -00.33  +00.00  +00.00  +00.00  -00.67  +01.00  -00.33  +00.33  |  +07.00
+00.00  +00.00  +00.00  -00.22  +00.00  +00.44  +00.11  ||  +00.33  -00.22  +00.00  +00.00  +01.00  +00.00  +00.00  +00.00  -00.22  +00.00  +00.44  +00.11  +00.00  +00.00  +00.00  +00.22  +00.00  +00.44  -00.11  |  +02.67
+00.00  +00.00  +00.00  +00.22  +00.00  +00.56  -00.11  ||  -00.33  +00.22  +01.00  +00.00  +00.00  +00.00  +00.00  +00.00  +00.22  +00.00  +00.56  -00.11  +00.00  +00.00  +00.00  -00.22  +00.00  +00.56  +00.11  |  +04.33

+01.00  +00.00  +00.00  +01.00  +00.00  -00.00  -00.00  ||  +01.00  +01.00  +00.00  +00.00  +00.00  +01.00  +00.00  +00.00  +01.00  +00.00  -00.00  -00.00  +00.00  +01.00  +01.00  -00.00  +01.00  +01.00  +01.00  |  -12.00
--------------------------------------------------------||----------------------------------------------------------------------------------------------------------------------------------------------------------|--------
-01.00  +00.00  +00.00  -01.00  +00.00  +00.00  +00.00  ||  -01.00  -01.00  +00.00  +00.00  +00.00  -01.00  +00.00  +00.00  -01.00  +00.00  +00.00  +00.00  +01.00  +00.00  +00.00  +01.00  +00.00  +00.00  +00.00  |  +12.00
+00.00  +01.00  +00.00  +00.44  +00.00  +00.11  -00.22  ||  +01.33  -01.56  +00.00  +00.00  +00.00  +00.00  +01.00  +00.00  +00.44  +00.00  +00.11  -00.22  +00.00  +01.00  +00.00  -00.44  +00.00  +00.11  +00.22  |  +07.67
+00.00  +00.00  +01.00  -00.89  +00.00  -00.22  -00.56  ||  +00.33  +01.11  +00.00  +00.00  +00.00  +00.00  +00.00  +01.00  -00.89  +00.00  -00.22  -00.56  +00.00  +00.00  +01.00  +00.89  +00.00  -00.22  +00.56  |  +11.67
+00.00  +00.00  +00.00  -00.33  +00.00  -00.33  -00.33  ||  +00.00  -00.33  +00.00  +01.00  +00.00  +00.00  +00.00  +00.00  -00.33  +00.00  -00.33  -00.33  +00.00  +00.00  +00.00  +00.33  +00.00  -00.33  +00.33  |  +02.00
+00.00  +00.00  +00.00  +00.67  +01.00  -00.33  -00.33  ||  -01.00  -00.33  +00.00  +00.00  +00.00  +00.00  +00.00  +00.00  +00.67  +01.00  -00.33  -00.33  +00.00  +00.00  +00.00  -00.67  +01.00  -00.33  +00.33  |  +07.00
+00.00  +00.00  +00.00  -00.22  +00.00  +00.44  +00.11  ||  +00.33  -00.22  +00.00  +00.00  +01.00  +00.00  +00.00  +00.00  -00.22  +00.00  +00.44  +00.11  +00.00  +00.00  +00.00  +00.22  +00.00  +00.44  -00.11  |  +02.67
+00.00  +00.00  +00.00  +00.22  +00.00  +00.56  -00.11  ||  -00.33  +00.22  +01.00  +00.00  +00.00  +00.00  +00.00  +00.00  +00.22  +00.00  +00.56  -00.11  +00.00  +00.00  +00.00  -00.22  +00.00  +00.56  +00.11  |  +04.33

inviavel
1.0000000 0.0000000 0.0000000 1.0000000 0.0000000 -0.0000000 -0.0000000