Gab's Two Phase Simplex Solver v1.0.0

Two Phase: Yes

Start of Phase I:

+01.00  +01.00  +01.00  +01.00  ||  +02.00  +02.00  +02.00  +01.00  +01.00  +01.00  +01.00  +00.00  +00.00  +00.00  +00.00  |  -04.00
--------------------------------||------------------------------------------------------------------------------------------|--------
-01.00  +00.00  +00.00  +00.00  ||  -01.00  -00.00  -00.00  -01.00  +00.00  +00.00  +00.00  +01.00  +00.00  +00.00  +00.00  |  +01.00
+00.00  -01.00  +00.00  +00.00  ||  -00.00  -01.00  -00.00  +00.00  -01.00  +00.00  +00.00  +00.00  +01.00  +00.00  +00.00  |  +01.00
+00.00  +00.00  -01.00  +00.00  ||  -00.00  -00.00  -01.00  +00.00  +00.00  -01.00  +00.00  +00.00  +00.00  +01.00  +00.00  |  +01.00
+00.00  +00.00  +00.00  -01.00  ||  -01.00  -01.00  -01.00  +00.00  +00.00  +00.00  -01.00  +00.00  +00.00  +00.00  +01.00  |  +01.00

inviavel
1.0000000 1.0000000 1.0000000 1.0000000
