Gab's Two Phase Simplex Solver v1.0.0

Two Phase: No

Start of Phase I:

+00.00  +00.00  +00.00  +00.00  +00.00  +00.00  +00.00  +00.00  +00.00  +00.00  +00.00  +00.00  +00.00  +00.00  +00.00  +00.00  ||  +06.00  +05.00  -01.00  -06.00  -06.00  -07.00  +00.00  +00.00  +00.00  +00.00  +00.00  +00.00  +00.00  +00.00  +00.00  +00.00  +00.00  +00.00  +00.00  +00.00  +00.00  +00.00  |  +00.00
--------------------------------------------------------------------------------------------------------------------------------||----------------------------------------------------------------------------------------------------------------------------------------------------------------------------------|--------
+01.00  +00.00  +00.00  +00.00  +00.00  +00.00  +00.00  +00.00  +00.00  +00.00  +00.00  +00.00  +00.00  +00.00  +00.00  +00.00  ||  -01.00  -02.00  -02.00  -02.00  -01.00  -01.00  +01.00  +00.00  +00.00  +00.00  +00.00  +00.00  +00.00  +00.00  +00.00  +00.00  +00.00  +00.00  +00.00  +00.00  +00.00  +00.00  |  +04.00
+00.00  +01.00  +00.00  +00.00  +00.00  +00.00  +00.00  +00.00  +00.00  +00.00  +00.00  +00.00  +00.00  +00.00  +00.00  +00.00  ||  -01.00  -02.00  +02.00* +01.00  -01.00  -02.00  +00.00  +01.00  +00.00  +00.00  +00.00  +00.00  +00.00  +00.00  +00.00  +00.00  +00.00  +00.00  +00.00  +00.00  +00.00  +00.00  |  +00.00
+00.00  +00.00  +01.00  +00.00  +00.00  +00.00  +00.00  +00.00  +00.00  +00.00  +00.00  +00.00  +00.00  +00.00  +00.00  +00.00  ||  -02.00  +00.00  -02.00  +00.00  +01.00  +01.00  +00.00  +00.00  +01.00  +00.00  +00.00  +00.00  +00.00  +00.00  +00.00  +00.00  +00.00  +00.00  +00.00  +00.00  +00.00  +00.00  |  +10.00
+00.00  +00.00  +00.00  +01.00  +00.00  +00.00  +00.00  +00.00  +00.00  +00.00  +00.00  +00.00  +00.00  +00.00  +00.00  +00.00  ||  +01.00  +00.00  +00.00  +01.00  +01.00  +00.00  +00.00  +00.00  +00.00  +01.00  +00.00  +00.00  +00.00  +00.00  +00.00  +00.00  +00.00  +00.00  +00.00  +00.00  +00.00  +00.00  |  +08.00
+00.00  +00.00  +00.00  +00.00  +01.00  +00.00  +00.00  +00.00  +00.00  +00.00  +00.00  +00.00  +00.00  +00.00  +00.00  +00.00  ||  -01.00  -01.00  -01.00  +01.00  -01.00  +01.00  +00.00  +00.00  +00.00  +00.00  +01.00  +00.00  +00.00  +00.00  +00.00  +00.00  +00.00  +00.00  +00.00  +00.00  +00.00  +00.00  |  +02.00
+00.00  +00.00  +00.00  +00.00  +00.00  +01.00  +00.00  +00.00  +00.00  +00.00  +00.00  +00.00  +00.00  +00.00  +00.00  +00.00  ||  +01.00  +02.00  +00.00  -01.00  +01.00  -01.00  +00.00  +00.00  +00.00  +00.00  +00.00  +01.00  +00.00  +00.00  +00.00  +00.00  +00.00  +00.00  +00.00  +00.00  +00.00  +00.00  |  +06.00
+00.00  +00.00  +00.00  +00.00  +00.00  +00.00  +01.00  +00.00  +00.00  +00.00  +00.00  +00.00  +00.00  +00.00  +00.00  +00.00  ||  +02.00  +02.00  +01.00  +01.00  -02.00  -02.00  +00.00  +00.00  +00.00  +00.00  +00.00  +00.00  +01.00  +00.00  +00.00  +00.00  +00.00  +00.00  +00.00  +00.00  +00.00  +00.00  |  +01.00
+00.00  +00.00  +00.00  +00.00  +00.00  +00.00  +00.00  +01.00  +00.00  +00.00  +00.00  +00.00  +00.00  +00.00  +00.00  +00.00  ||  +02.00  -02.00  +02.00  -01.00  -01.00  +02.00  +00.00  +00.00  +00.00  +00.00  +00.00  +00.00  +00.00  +01.00  +00.00  +00.00  +00.00  +00.00  +00.00  +00.00  +00.00  +00.00  |  +10.00
+00.00  +00.00  +00.00  +00.00  +00.00  +00.00  +00.00  +00.00  +01.00  +00.00  +00.00  +00.00  +00.00  +00.00  +00.00  +00.00  ||  -02.00  -02.00  -01.00  +02.00  -01.00  +00.00  +00.00  +00.00  +00.00  +00.00  +00.00  +00.00  +00.00  +00.00  +01.00  +00.00  +00.00  +00.00  +00.00  +00.00  +00.00  +00.00  |  +04.00
+00.00  +00.00  +00.00  +00.00  +00.00  +00.00  +00.00  +00.00  +00.00  +01.00  +00.00  +00.00  +00.00  +00.00  +00.00  +00.00  ||  -01.00  +02.00  -02.00  +02.00  +00.00  -02.00  +00.00  +00.00  +00.00  +00.00  +00.00  +00.00  +00.00  +00.00  +00.00  +01.00  +00.00  +00.00  +00.00  +00.00  +00.00  +00.00  |  +09.00
+00.00  +00.00  +00.00  +00.00  +00.00  +00.00  +00.00  +00.00  +00.00  +00.00  +01.00  +00.00  +00.00  +00.00  +00.00  +00.00  ||  +02.00  +01.00  -02.00  -02.00  +00.00  -02.00  +00.00  +00.00  +00.00  +00.00  +00.00  +00.00  +00.00  +00.00  +00.00  +00.00  +01.00  +00.00  +00.00  +00.00  +00.00  +00.00  |  +04.00
+00.00  +00.00  +00.00  +00.00  +00.00  +00.00  +00.00  +00.00  +00.00  +00.00  +00.00  +01.00  +00.00  +00.00  +00.00  +00.00  ||  +01.00  -01.00  +00.00  +02.00  -02.00  +00.00  +00.00  +00.00  +00.00  +00.00  +00.00  +00.00  +00.00  +00.00  +00.00  +00.00  +00.00  +01.00  +00.00  +00.00  +00.00  +00.00  |  +01.00
+00.00  +00.00  +00.00  +00.00  +00.00  +00.00  +00.00  +00.00  +00.00  +00.00  +00.00  +00.00  +01.00  +00.00  +00.00  +00.00  ||  +02.00  +01.00  +02.00  +01.00  +01.00  -02.00  +00.00  +00.00  +00.00  +00.00  +00.00  +00.00  +00.00  +00.00  +00.00  +00.00  +00.00  +00.00  +01.00  +00.00  +00.00  +00.00  |  +05.00
+00.00  +00.00  +00.00  +00.00  +00.00  +00.00  +00.00  +00.00  +00.00  +00.00  +00.00  +00.00  +00.00  +01.00  +00.00  +00.00  ||  +02.00  +02.00  -02.00  +00.00  +02.00  +01.00  +00.00  +00.00  +00.00  +00.00  +00.00  +00.00  +00.00  +00.00  +00.00  +00.00  +00.00  +00.00  +00.00  +01.00  +00.00  +00.00  |  +10.00
+00.00  +00.00  +00.00  +00.00  +00.00  +00.00  +00.00  +00.00  +00.00  +00.00  +00.00  +00.00  +00.00  +00.00  +01.00  +00.00  ||  +01.00  -01.00  -02.00  +00.00  +00.00  -02.00  +00.00  +00.00  +00.00  +00.00  +00.00  +00.00  +00.00  +00.00  +00.00  +00.00  +00.00  +00.00  +00.00  +00.00  +01.00  +00.00  |  +08.00
+00.00  +00.00  +00.00  +00.00  +00.00  +00.00  +00.00  +00.00  +00.00  +00.00  +00.00  +00.00  +00.00  +00.00  +00.00  +01.00  ||  +01.00  -01.00  +02.00  -02.00  +02.00  -02.00  +00.00  +00.00  +00.00  +00.00  +00.00  +00.00  +00.00  +00.00  +00.00  +00.00  +00.00  +00.00  +00.00  +00.00  +00.00  +01.00  |  +02.00

+00.00  +00.50  +00.00  +00.00  +00.00  +00.00  +00.00  +00.00  +00.00  +00.00  +00.00  +00.00  +00.00  +00.00  +00.00  +00.00  ||  +05.50  +04.00  +00.00  -05.50  -06.50  -08.00  +00.00  +00.50  +00.00  +00.00  +00.00  +00.00  +00.00  +00.00  +00.00  +00.00  +00.00  +00.00  +00.00  +00.00  +00.00  +00.00  |  +00.00
--------------------------------------------------------------------------------------------------------------------------------||----------------------------------------------------------------------------------------------------------------------------------------------------------------------------------|--------
+01.00  +01.00  +00.00  +00.00  +00.00  +00.00  +00.00  +00.00  +00.00  +00.00  +00.00  +00.00  +00.00  +00.00  +00.00  +00.00  ||  -02.00  -04.00  +00.00  -01.00  -02.00  -03.00  +01.00  +01.00  +00.00  +00.00  +00.00  +00.00  +00.00  +00.00  +00.00  +00.00  +00.00  +00.00  +00.00  +00.00  +00.00  +00.00  |  +04.00
+00.00  +00.50  +00.00  +00.00  +00.00  +00.00  +00.00  +00.00  +00.00  +00.00  +00.00  +00.00  +00.00  +00.00  +00.00  +00.00  ||  -00.50  -01.00  +01.00  +00.50* -00.50  -01.00  +00.00  +00.50  +00.00  +00.00  +00.00  +00.00  +00.00  +00.00  +00.00  +00.00  +00.00  +00.00  +00.00  +00.00  +00.00  +00.00  |  +00.00
+00.00  +01.00  +01.00  +00.00  +00.00  +00.00  +00.00  +00.00  +00.00  +00.00  +00.00  +00.00  +00.00  +00.00  +00.00  +00.00  ||  -03.00  -02.00  +00.00  +01.00  +00.00  -01.00  +00.00  +01.00  +01.00  +00.00  +00.00  +00.00  +00.00  +00.00  +00.00  +00.00  +00.00  +00.00  +00.00  +00.00  +00.00  +00.00  |  +10.00
+00.00  +00.00  +00.00  +01.00  +00.00  +00.00  +00.00  +00.00  +00.00  +00.00  +00.00  +00.00  +00.00  +00.00  +00.00  +00.00  ||  +01.00  +00.00  +00.00  +01.00  +01.00  +00.00  +00.00  +00.00  +00.00  +01.00  +00.00  +00.00  +00.00  +00.00  +00.00  +00.00  +00.00  +00.00  +00.00  +00.00  +00.00  +00.00  |  +08.00
+00.00  +00.50  +00.00  +00.00  +01.00  +00.00  +00.00  +00.00  +00.00  +00.00  +00.00  +00.00  +00.00  +00.00  +00.00  +00.00  ||  -01.50  -02.00  +00.00  +01.50  -01.50  +00.00  +00.00  +00.50  +00.00  +00.00  +01.00  +00.00  +00.00  +00.00  +00.00  +00.00  +00.00  +00.00  +00.00  +00.00  +00.00  +00.00  |  +02.00
+00.00  +00.00  +00.00  +00.00  +00.00  +01.00  +00.00  +00.00  +00.00  +00.00  +00.00  +00.00  +00.00  +00.00  +00.00  +00.00  ||  +01.00  +02.00  +00.00  -01.00  +01.00  -01.00  +00.00  +00.00  +00.00  +00.00  +00.00  +01.00  +00.00  +00.00  +00.00  +00.00  +00.00  +00.00  +00.00  +00.00  +00.00  +00.00  |  +06.00
+00.00  -00.50  +00.00  +00.00  +00.00  +00.00  +01.00  +00.00  +00.00  +00.00  +00.00  +00.00  +00.00  +00.00  +00.00  +00.00  ||  +02.50  +03.00  +00.00  +00.50  -01.50  -01.00  +00.00  -00.50  +00.00  +00.00  +00.00  +00.00  +01.00  +00.00  +00.00  +00.00  +00.00  +00.00  +00.00  +00.00  +00.00  +00.00  |  +01.00
+00.00  -01.00  +00.00  +00.00  +00.00  +00.00  +00.00  +01.00  +00.00  +00.00  +00.00  +00.00  +00.00  +00.00  +00.00  +00.00  ||  +03.00  +00.00  +00.00  -02.00  +00.00  +04.00  +00.00  -01.00  +00.00  +00.00  +00.00  +00.00  +00.00  +01.00  +00.00  +00.00  +00.00  +00.00  +00.00  +00.00  +00.00  +00.00  |  +10.00
+00.00  +00.50  +00.00  +00.00  +00.00  +00.00  +00.00  +00.00  +01.00  +00.00  +00.00  +00.00  +00.00  +00.00  +00.00  +00.00  ||  -02.50  -03.00  +00.00  +02.50  -01.50  -01.00  +00.00  +00.50  +00.00  +00.00  +00.00  +00.00  +00.00  +00.00  +01.00  +00.00  +00.00  +00.00  +00.00  +00.00  +00.00  +00.00  |  +04.00
+00.00  +01.00  +00.00  +00.00  +00.00  +00.00  +00.00  +00.00  +00.00  +01.00  +00.00  +00.00  +00.00  +00.00  +00.00  +00.00  ||  -02.00  +00.00  +00.00  +03.00  -01.00  -04.00  +00.00  +01.00  +00.00  +00.00  +00.00  +00.00  +00.00  +00.00  +00.00  +01.00  +00.00  +00.00  +00.00  +00.00  +00.00  +00.00  |  +09.00
+00.00  +01.00  +00.00  +00.00  +00.00  +00.00  +00.00  +00.00  +00.00  +00.00  +01.00  +00.00  +00.00  +00.00  +00.00  +00.00  ||  +01.00  -01.00  +00.00  -01.00  -01.00  -04.00  +00.00  +01.00  +00.00  +00.00  +00.00  +00.00  +00.00  +00.00  +00.00  +00.00  +01.00  +00.00  +00.00  +00.00  +00.00  +00.00  |  +04.00
+00.00  +00.00  +00.00  +00.00  +00.00  +00.00  +00.00  +00.00  +00.00  +00.00  +00.00  +01.00  +00.00  +00.00  +00.00  +00.00  ||  +01.00  -01.00  +00.00  +02.00  -02.00  +00.00  +00.00  +00.00  +00.00  +00.00  +00.00  +00.00  +00.00  +00.00  +00.00  +00.00  +00.00  +01.00  +00.00  +00.00  +00.00  +00.00  |  +01.00
+00.00  -01.00  +00.00  +00.00  +00.00  +00.00  +00.00  +00.00  +00.00  +00.00  +00.00  +00.00  +01.00  +00.00  +00.00  +00.00  ||  +03.00  +03.00  +00.00  +00.00  +02.00  +00.00  +00.00  -01.00  +00.00  +00.00  +00.00  +00.00  +00.00  +00.00  +00.00  +00.00  +00.00  +00.00  +01.00  +00.00  +00.00  +00.00  |  +05.00
+00.00  +01.00  +00.00  +00.00  +00.00  +00.00  +00.00  +00.00  +00.00  +00.00  +00.00  +00.00  +00.00  +01.00  +00.00  +00.00  ||  +01.00  +00.00  +00.00  +01.00  +01.00  -01.00  +00.00  +01.00  +00.00  +00.00  +00.00  +00.00  +00.00  +00.00  +00.00  +00.00  +00.00  +00.00  +00.00  +01.00  +00.00  +00.00  |  +10.00
+00.00  +01.00  +00.00  +00.00  +00.00  +00.00  +00.00  +00.00  +00.00  +00.00  +00.00  +00.00  +00.00  +00.00  +01.00  +00.00  ||  +00.00  -03.00  +00.00  +01.00  -01.00  -04.00  +00.00  +01.00  +00.00  +00.00  +00.00  +00.00  +00.00  +00.00  +00.00  +00.00  +00.00  +00.00  +00.00  +00.00  +01.00  +00.00  |  +08.00
+00.00  -01.00  +00.00  +00.00  +00.00  +00.00  +00.00  +00.00  +00.00  +00.00  +00.00  +00.00  +00.00  +00.00  +00.00  +01.00  ||  +02.00  +01.00  +00.00  -03.00  +03.00  +00.00  +00.00  -01.00  +00.00  +00.00  +00.00  +00.00  +00.00  +00.00  +00.00  +00.00  +00.00  +00.00  +00.00  +00.00  +00.00  +01.00  |  +02.00

+00.00  +06.00  +00.00  +00.00  +00.00  +00.00  +00.00  +00.00  +00.00  +00.00  +00.00  +00.00  +00.00  +00.00  +00.00  +00.00  ||  +00.00  -07.00  +11.00  +00.00  -12.00  -19.00  +00.00  +06.00  +00.00  +00.00  +00.00  +00.00  +00.00  +00.00  +00.00  +00.00  +00.00  +00.00  +00.00  +00.00  +00.00  +00.00  |  +00.00
--------------------------------------------------------------------------------------------------------------------------------||----------------------------------------------------------------------------------------------------------------------------------------------------------------------------------|--------
+01.00  +02.00  +00.00  +00.00  +00.00  +00.00  +00.00  +00.00  +00.00  +00.00  +00.00  +00.00  +00.00  +00.00  +00.00  +00.00  ||  -03.00  -06.00  +02.00  +00.00  -03.00  -05.00  +01.00  +02.00  +00.00  +00.00  +00.00  +00.00  +00.00  +00.00  +00.00  +00.00  +00.00  +00.00  +00.00  +00.00  +00.00  +00.00  |  +04.00
+00.00  +01.00  +00.00  +00.00  +00.00  +00.00  +00.00  +00.00  +00.00  +00.00  +00.00  +00.00  +00.00  +00.00  +00.00  +00.00  ||  -01.00  -02.00  +02.00  +01.00  -01.00  -02.00  +00.00  +01.00  +00.00  +00.00  +00.00  +00.00  +00.00  +00.00  +00.00  +00.00  +00.00  +00.00  +00.00  +00.00  +00.00  +00.00  |  +00.00
+00.00  +00.00  +01.00  +00.00  +00.00  +00.00  +00.00  +00.00  +00.00  +00.00  +00.00  +00.00  +00.00  +00.00  +00.00  +00.00  ||  -02.00  +00.00  -02.00  +00.00  +01.00  +01.00  +00.00  +00.00  +01.00  +00.00  +00.00  +00.00  +00.00  +00.00  +00.00  +00.00  +00.00  +00.00  +00.00  +00.00  +00.00  +00.00  |  +10.00
+00.00  -01.00  +00.00  +01.00  +00.00  +00.00  +00.00  +00.00  +00.00  +00.00  +00.00  +00.00  +00.00  +00.00  +00.00  +00.00  ||  +02.00  +02.00  -02.00  +00.00  +02.00  +02.00  +00.00  -01.00  +00.00  +01.00  +00.00  +00.00  +00.00  +00.00  +00.00  +00.00  +00.00  +00.00  +00.00  +00.00  +00.00  +00.00  |  +08.00
+00.00  -01.00  +00.00  +00.00  +01.00  +00.00  +00.00  +00.00  +00.00  +00.00  +00.00  +00.00  +00.00  +00.00  +00.00  +00.00  ||  +00.00  +01.00  -03.00  +00.00  +00.00  +03.00  +00.00  -01.00  +00.00  +00.00  +01.00  +00.00  +00.00  +00.00  +00.00  +00.00  +00.00  +00.00  +00.00  +00.00  +00.00  +00.00  |  +02.00
+00.00  +01.00  +00.00  +00.00  +00.00  +01.00  +00.00  +00.00  +00.00  +00.00  +00.00  +00.00  +00.00  +00.00  +00.00  +00.00  ||  +00.00  +00.00  +02.00  +00.00  +00.00  -03.00  +00.00  +01.00  +00.00  +00.00  +00.00  +01.00  +00.00  +00.00  +00.00  +00.00  +00.00  +00.00  +00.00  +00.00  +00.00  +00.00  |  +06.00
+00.00  -01.00  +00.00  +00.00  +00.00  +00.00  +01.00  +00.00  +00.00  +00.00  +00.00  +00.00  +00.00  +00.00  +00.00  +00.00  ||  +03.00  +04.00* -01.00  +00.00  -01.00  +00.00  +00.00  -01.00  +00.00  +00.00  +00.00  +00.00  +01.00  +00.00  +00.00  +00.00  +00.00  +00.00  +00.00  +00.00  +00.00  +00.00  |  +01.00
+00.00  +01.00  +00.00  +00.00  +00.00  +00.00  +00.00  +01.00  +00.00  +00.00  +00.00  +00.00  +00.00  +00.00  +00.00  +00.00  ||  +01.00  -04.00  +04.00  +00.00  -02.00  +00.00  +00.00  +01.00  +00.00  +00.00  +00.00  +00.00  +00.00  +01.00  +00.00  +00.00  +00.00  +00.00  +00.00  +00.00  +00.00  +00.00  |  +10.00
+00.00  -02.00  +00.00  +00.00  +00.00  +00.00  +00.00  +00.00  +01.00  +00.00  +00.00  +00.00  +00.00  +00.00  +00.00  +00.00  ||  +00.00  +02.00  -05.00  +00.00  +01.00  +04.00  +00.00  -02.00  +00.00  +00.00  +00.00  +00.00  +00.00  +00.00  +01.00  +00.00  +00.00  +00.00  +00.00  +00.00  +00.00  +00.00  |  +04.00
+00.00  -02.00  +00.00  +00.00  +00.00  +00.00  +00.00  +00.00  +00.00  +01.00  +00.00  +00.00  +00.00  +00.00  +00.00  +00.00  ||  +01.00  +06.00  -06.00  +00.00  +02.00  +02.00  +00.00  -02.00  +00.00  +00.00  +00.00  +00.00  +00.00  +00.00  +00.00  +01.00  +00.00  +00.00  +00.00  +00.00  +00.00  +00.00  |  +09.00
+00.00  +02.00  +00.00  +00.00  +00.00  +00.00  +00.00  +00.00  +00.00  +00.00  +01.00  +00.00  +00.00  +00.00  +00.00  +00.00  ||  +00.00  -03.00  +02.00  +00.00  -02.00  -06.00  +00.00  +02.00  +00.00  +00.00  +00.00  +00.00  +00.00  +00.00  +00.00  +00.00  +01.00  +00.00  +00.00  +00.00  +00.00  +00.00  |  +04.00
+00.00  -02.00  +00.00  +00.00  +00.00  +00.00  +00.00  +00.00  +00.00  +00.00  +00.00  +01.00  +00.00  +00.00  +00.00  +00.00  ||  +03.00  +03.00  -04.00  +00.00  +00.00  +04.00  +00.00  -02.00  +00.00  +00.00  +00.00  +00.00  +00.00  +00.00  +00.00  +00.00  +00.00  +01.00  +00.00  +00.00  +00.00  +00.00  |  +01.00
+00.00  -01.00  +00.00  +00.00  +00.00  +00.00  +00.00  +00.00  +00.00  +00.00  +00.00  +00.00  +01.00  +00.00  +00.00  +00.00  ||  +03.00  +03.00  +00.00  +00.00  +02.00  +00.00  +00.00  -01.00  +00.00  +00.00  +00.00  +00.00  +00.00  +00.00  +00.00  +00.00  +00.00  +00.00  +01.00  +00.00  +00.00  +00.00  |  +05.00
+00.00  +00.00  +00.00  +00.00  +00.00  +00.00  +00.00  +00.00  +00.00  +00.00  +00.00  +00.00  +00.00  +01.00  +00.00  +00.00  ||  +02.00  +02.00  -02.00  +00.00  +02.00  +01.00  +00.00  +00.00  +00.00  +00.00  +00.00  +00.00  +00.00  +00.00  +00.00  +00.00  +00.00  +00.00  +00.00  +01.00  +00.00  +00.00  |  +10.00
+00.00  +00.00  +00.00  +00.00  +00.00  +00.00  +00.00  +00.00  +00.00  +00.00  +00.00  +00.00  +00.00  +00.00  +01.00  +00.00  ||  +01.00  -01.00  -02.00  +00.00  +00.00  -02.00  +00.00  +00.00  +00.00  +00.00  +00.00  +00.00  +00.00  +00.00  +00.00  +00.00  +00.00  +00.00  +00.00  +00.00  +01.00  +00.00  |  +08.00
+00.00  +02.00  +00.00  +00.00  +00.00  +00.00  +00.00  +00.00  +00.00  +00.00  +00.00  +00.00  +00.00  +00.00  +00.00  +01.00  ||  -01.00  -05.00  +06.00  +00.00  +00.00  -06.00  +00.00  +02.00  +00.00  +00.00  +00.00  +00.00  +00.00  +00.00  +00.00  +00.00  +00.00  +00.00  +00.00  +00.00  +00.00  +01.00  |  +02.00

+00.00  +04.25  +00.00  +00.00  +00.00  +00.00  +01.75  +00.00  +00.00  +00.00  +00.00  +00.00  +00.00  +00.00  +00.00  +00.00  ||  +05.25  +00.00  +09.25  +00.00  -13.75  -19.00  +00.00  +04.25  +00.00  +00.00  +00.00  +00.00  +01.75  +00.00  +00.00  +00.00  +00.00  +00.00  +00.00  +00.00  +00.00  +00.00  |  +01.75
--------------------------------------------------------------------------------------------------------------------------------||----------------------------------------------------------------------------------------------------------------------------------------------------------------------------------|--------
+01.00  +00.50  +00.00  +00.00  +00.00  +00.00  +01.50  +00.00  +00.00  +00.00  +00.00  +00.00  +00.00  +00.00  +00.00  +00.00  ||  +01.50  +00.00  +00.50  +00.00  -04.50  -05.00  +01.00  +00.50  +00.00  +00.00  +00.00  +00.00  +01.50  +00.00  +00.00  +00.00  +00.00  +00.00  +00.00  +00.00  +00.00  +00.00  |  +05.50
+00.00  +00.50  +00.00  +00.00  +00.00  +00.00  +00.50  +00.00  +00.00  +00.00  +00.00  +00.00  +00.00  +00.00  +00.00  +00.00  ||  +00.50  +00.00  +01.50  +01.00  -01.50  -02.00  +00.00  +00.50  +00.00  +00.00  +00.00  +00.00  +00.50  +00.00  +00.00  +00.00  +00.00  +00.00  +00.00  +00.00  +00.00  +00.00  |  +00.50
+00.00  +00.00  +01.00  +00.00  +00.00  +00.00  +00.00  +00.00  +00.00  +00.00  +00.00  +00.00  +00.00  +00.00  +00.00  +00.00  ||  -02.00  +00.00  -02.00  +00.00  +01.00  +01.00  +00.00  +00.00  +01.00  +00.00  +00.00  +00.00  +00.00  +00.00  +00.00  +00.00  +00.00  +00.00  +00.00  +00.00  +00.00  +00.00  |  +10.00
+00.00  -00.50  +00.00  +01.00  +00.00  +00.00  -00.50  +00.00  +00.00  +00.00  +00.00  +00.00  +00.00  +00.00  +00.00  +00.00  ||  +00.50  +00.00  -01.50  +00.00  +02.50  +02.00  +00.00  -00.50  +00.00  +01.00  +00.00  +00.00  -00.50  +00.00  +00.00  +00.00  +00.00  +00.00  +00.00  +00.00  +00.00  +00.00  |  +07.50
+00.00  -00.75  +00.00  +00.00  +01.00  +00.00  -00.25  +00.00  +00.00  +00.00  +00.00  +00.00  +00.00  +00.00  +00.00  +00.00  ||  -00.75  +00.00  -02.75  +00.00  +00.25  +03.00  +00.00  -00.75  +00.00  +00.00  +01.00  +00.00  -00.25  +00.00  +00.00  +00.00  +00.00  +00.00  +00.00  +00.00  +00.00  +00.00  |  +01.75
+00.00  +01.00  +00.00  +00.00  +00.00  +01.00  +00.00  +00.00  +00.00  +00.00  +00.00  +00.00  +00.00  +00.00  +00.00  +00.00  ||  +00.00  +00.00  +02.00  +00.00  +00.00  -03.00  +00.00  +01.00  +00.00  +00.00  +00.00  +01.00  +00.00  +00.00  +00.00  +00.00  +00.00  +00.00  +00.00  +00.00  +00.00  +00.00  |  +06.00
+00.00  -00.25  +00.00  +00.00  +00.00  +00.00  +00.25  +00.00  +00.00  +00.00  +00.00  +00.00  +00.00  +00.00  +00.00  +00.00  ||  +00.75  +01.00  -00.25  +00.00  -00.25  +00.00  +00.00  -00.25  +00.00  +00.00  +00.00  +00.00  +00.25  +00.00  +00.00  +00.00  +00.00  +00.00  +00.00  +00.00  +00.00  +00.00  |  +00.25
+00.00  +00.00  +00.00  +00.00  +00.00  +00.00  +01.00  +01.00  +00.00  +00.00  +00.00  +00.00  +00.00  +00.00  +00.00  +00.00  ||  +04.00  +00.00  +03.00  +00.00  -03.00  +00.00  +00.00  +00.00  +00.00  +00.00  +00.00  +00.00  +01.00  +01.00  +00.00  +00.00  +00.00  +00.00  +00.00  +00.00  +00.00  +00.00  |  +11.00
+00.00  -01.50  +00.00  +00.00  +00.00  +00.00  -00.50  +00.00  +01.00  +00.00  +00.00  +00.00  +00.00  +00.00  +00.00  +00.00  ||  -01.50  +00.00  -04.50  +00.00  +01.50  +04.00  +00.00  -01.50  +00.00  +00.00  +00.00  +00.00  -00.50  +00.00  +01.00  +00.00  +00.00  +00.00  +00.00  +00.00  +00.00  +00.00  |  +03.50
+00.00  -00.50  +00.00  +00.00  +00.00  +00.00  -01.50  +00.00  +00.00  +01.00  +00.00  +00.00  +00.00  +00.00  +00.00  +00.00  ||  -03.50  +00.00  -04.50  +00.00  +03.50  +02.00  +00.00  -00.50  +00.00  +00.00  +00.00  +00.00  -01.50  +00.00  +00.00  +01.00  +00.00  +00.00  +00.00  +00.00  +00.00  +00.00  |  +07.50
+00.00  +01.25  +00.00  +00.00  +00.00  +00.00  +00.75  +00.00  +00.00  +00.00  +01.00  +00.00  +00.00  +00.00  +00.00  +00.00  ||  +02.25  +00.00  +01.25  +00.00  -02.75  -06.00  +00.00  +01.25  +00.00  +00.00  +00.00  +00.00  +00.75  +00.00  +00.00  +00.00  +01.00  +00.00  +00.00  +00.00  +00.00  +00.00  |  +04.75
+00.00  -01.25  +00.00  +00.00  +00.00  +00.00  -00.75  +00.00  +00.00  +00.00  +00.00  +01.00  +00.00  +00.00  +00.00  +00.00  ||  +00.75  +00.00  -03.25  +00.00  +00.75* +04.00  +00.00  -01.25  +00.00  +00.00  +00.00  +00.00  -00.75  +00.00  +00.00  +00.00  +00.00  +01.00  +00.00  +00.00  +00.00  +00.00  |  +00.25
+00.00  -00.25  +00.00  +00.00  +00.00  +00.00  -00.75  +00.00  +00.00  +00.00  +00.00  +00.00  +01.00  +00.00  +00.00  +00.00  ||  +00.75  +00.00  +00.75  +00.00  +02.75  +00.00  +00.00  -00.25  +00.00  +00.00  +00.00  +00.00  -00.75  +00.00  +00.00  +00.00  +00.00  +00.00  +01.00  +00.00  +00.00  +00.00  |  +04.25
+00.00  +00.50  +00.00  +00.00  +00.00  +00.00  -00.50  +00.00  +00.00  +00.00  +00.00  +00.00  +00.00  +01.00  +00.00  +00.00  ||  +00.50  +00.00  -01.50  +00.00  +02.50  +01.00  +00.00  +00.50  +00.00  +00.00  +00.00  +00.00  -00.50  +00.00  +00.00  +00.00  +00.00  +00.00  +00.00  +01.00  +00.00  +00.00  |  +09.50
+00.00  -00.25  +00.00  +00.00  +00.00  +00.00  +00.25  +00.00  +00.00  +00.00  +00.00  +00.00  +00.00  +00.00  +01.00  +00.00  ||  +01.75  +00.00  -02.25  +00.00  -00.25  -02.00  +00.00  -00.25  +00.00  +00.00  +00.00  +00.00  +00.25  +00.00  +00.00  +00.00  +00.00  +00.00  +00.00  +00.00  +01.00  +00.00  |  +08.25
+00.00  +00.75  +00.00  +00.00  +00.00  +00.00  +01.25  +00.00  +00.00  +00.00  +00.00  +00.00  +00.00  +00.00  +00.00  +01.00  ||  +02.75  +00.00  +04.75  +00.00  -01.25  -06.00  +00.00  +00.75  +00.00  +00.00  +00.00  +00.00  +01.25  +00.00  +00.00  +00.00  +00.00  +00.00  +00.00  +00.00  +00.00  +01.00  |  +03.25

+00.00  -18.67  +00.00  +00.00  +00.00  +00.00  -12.00  +00.00  +00.00  +00.00  +00.00  +18.33  +00.00  +00.00  +00.00  +00.00  ||  +19.00  +00.00  -50.33  +00.00  +00.00  +54.33  +00.00  -18.67  +00.00  +00.00  +00.00  +00.00  -12.00  +00.00  +00.00  +00.00  +00.00  +18.33  +00.00  +00.00  +00.00  +00.00  |  +06.33
--------------------------------------------------------------------------------------------------------------------------------||----------------------------------------------------------------------------------------------------------------------------------------------------------------------------------|--------
+01.00  -07.00  +00.00  +00.00  +00.00  +00.00  -03.00  +00.00  +00.00  +00.00  +00.00  +06.00  +00.00  +00.00  +00.00  +00.00  ||  +06.00  +00.00  -19.00  +00.00  +00.00  +19.00  +01.00  -07.00  +00.00  +00.00  +00.00  +00.00  -03.00  +00.00  +00.00  +00.00  +00.00  +06.00  +00.00  +00.00  +00.00  +00.00  |  +07.00
+00.00  -02.00  +00.00  +00.00  +00.00  +00.00  -01.00  +00.00  +00.00  +00.00  +00.00  +02.00  +00.00  +00.00  +00.00  +00.00  ||  +02.00  +00.00  -05.00  +01.00  +00.00  +06.00  +00.00  -02.00  +00.00  +00.00  +00.00  +00.00  -01.00  +00.00  +00.00  +00.00  +00.00  +02.00  +00.00  +00.00  +00.00  +00.00  |  +01.00
+00.00  +01.67  +01.00  +00.00  +00.00  +00.00  +01.00  +00.00  +00.00  +00.00  +00.00  -01.33  +00.00  +00.00  +00.00  +00.00  ||  -03.00  +00.00  +02.33  +00.00  +00.00  -04.33  +00.00  +01.67  +01.00  +00.00  +00.00  +00.00  +01.00  +00.00  +00.00  +00.00  +00.00  -01.33  +00.00  +00.00  +00.00  +00.00  |  +09.67
+00.00  +03.67  +00.00  +01.00  +00.00  +00.00  +02.00  +00.00  +00.00  +00.00  +00.00  -03.33  +00.00  +00.00  +00.00  +00.00  ||  -02.00  +00.00  +09.33  +00.00  +00.00  -11.33  +00.00  +03.67  +00.00  +01.00  +00.00  +00.00  +02.00  +00.00  +00.00  +00.00  +00.00  -03.33  +00.00  +00.00  +00.00  +00.00  |  +06.67
+00.00  -00.33  +00.00  +00.00  +01.00  +00.00  +00.00  +00.00  +00.00  +00.00  +00.00  -00.33  +00.00  +00.00  +00.00  +00.00  ||  -01.00  +00.00  -01.67  +00.00  +00.00  +01.67  +00.00  -00.33  +00.00  +00.00  +01.00  +00.00  +00.00  +00.00  +00.00  +00.00  +00.00  -00.33  +00.00  +00.00  +00.00  +00.00  |  +01.67
+00.00  +01.00  +00.00  +00.00  +00.00  +01.00  +00.00  +00.00  +00.00  +00.00  +00.00  +00.00  +00.00  +00.00  +00.00  +00.00  ||  +00.00  +00.00  +02.00  +00.00  +00.00  -03.00  +00.00  +01.00  +00.00  +00.00  +00.00  +01.00  +00.00  +00.00  +00.00  +00.00  +00.00  +00.00  +00.00  +00.00  +00.00  +00.00  |  +06.00
+00.00  -00.67  +00.00  +00.00  +00.00  +00.00  +00.00  +00.00  +00.00  +00.00  +00.00  +00.33  +00.00  +00.00  +00.00  +00.00  ||  +01.00  +01.00  -01.33  +00.00  +00.00  +01.33  +00.00  -00.67  +00.00  +00.00  +00.00  +00.00  +00.00  +00.00  +00.00  +00.00  +00.00  +00.33  +00.00  +00.00  +00.00  +00.00  |  +00.33
+00.00  -05.00  +00.00  +00.00  +00.00  +00.00  -02.00  +01.00  +00.00  +00.00  +00.00  +04.00  +00.00  +00.00  +00.00  +00.00  ||  +07.00  +00.00  -10.00  +00.00  +00.00  +16.00  +00.00  -05.00  +00.00  +00.00  +00.00  +00.00  -02.00  +01.00  +00.00  +00.00  +00.00  +04.00  +00.00  +00.00  +00.00  +00.00  |  +12.00
+00.00  +01.00  +00.00  +00.00  +00.00  +00.00  +01.00  +00.00  +01.00  +00.00  +00.00  -02.00  +00.00  +00.00  +00.00  +00.00  ||  -03.00  +00.00  +02.00  +00.00  +00.00  -04.00  +00.00  +01.00  +00.00  +00.00  +00.00  +00.00  +01.00  +00.00  +01.00  +00.00  +00.00  -02.00  +00.00  +00.00  +00.00  +00.00  |  +03.00
+00.00  +05.33  +00.00  +00.00  +00.00  +00.00  +02.00  +00.00  +00.00  +01.00  +00.00  -04.67  +00.00  +00.00  +00.00  +00.00  ||  -07.00  +00.00  +10.67  +00.00  +00.00  -16.67  +00.00  +05.33  +00.00  +00.00  +00.00  +00.00  +02.00  +00.00  +00.00  +01.00  +00.00  -04.67  +00.00  +00.00  +00.00  +00.00  |  +06.33
+00.00  -03.33  +00.00  +00.00  +00.00  +00.00  -02.00  +00.00  +00.00  +00.00  +01.00  +03.67  +00.00  +00.00  +00.00  +00.00  ||  +05.00  +00.00  -10.67  +00.00  +00.00  +08.67  +00.00  -03.33  +00.00  +00.00  +00.00  +00.00  -02.00  +00.00  +00.00  +00.00  +01.00  +03.67  +00.00  +00.00  +00.00  +00.00  |  +05.67
+00.00  -01.67  +00.00  +00.00  +00.00  +00.00  -01.00  +00.00  +00.00  +00.00  +00.00  +01.33  +00.00  +00.00  +00.00  +00.00  ||  +01.00  +00.00  -04.33  +00.00  +01.00  +05.33  +00.00  -01.67  +00.00  +00.00  +00.00  +00.00  -01.00  +00.00  +00.00  +00.00  +00.00  +01.33  +00.00  +00.00  +00.00  +00.00  |  +00.33
+00.00  +04.33  +00.00  +00.00  +00.00  +00.00  +02.00  +00.00  +00.00  +00.00  +00.00  -03.67  +01.00  +00.00  +00.00  +00.00  ||  -02.00  +00.00  +12.67* +00.00  +00.00  -14.67  +00.00  +04.33  +00.00  +00.00  +00.00  +00.00  +02.00  +00.00  +00.00  +00.00  +00.00  -03.67  +01.00  +00.00  +00.00  +00.00  |  +03.33
+00.00  +04.67  +00.00  +00.00  +00.00  +00.00  +02.00  +00.00  +00.00  +00.00  +00.00  -03.33  +00.00  +01.00  +00.00  +00.00  ||  -02.00  +00.00  +09.33  +00.00  +00.00  -12.33  +00.00  +04.67  +00.00  +00.00  +00.00  +00.00  +02.00  +00.00  +00.00  +00.00  +00.00  -03.33  +00.00  +01.00  +00.00  +00.00  |  +08.67
+00.00  -00.67  +00.00  +00.00  +00.00  +00.00  +00.00  +00.00  +00.00  +00.00  +00.00  +00.33  +00.00  +00.00  +01.00  +00.00  ||  +02.00  +00.00  -03.33  +00.00  +00.00  -00.67  +00.00  -00.67  +00.00  +00.00  +00.00  +00.00  +00.00  +00.00  +00.00  +00.00  +00.00  +00.33  +00.00  +00.00  +01.00  +00.00  |  +08.33
+00.00  -01.33  +00.00  +00.00  +00.00  +00.00  +00.00  +00.00  +00.00  +00.00  +00.00  +01.67  +00.00  +00.00  +00.00  +01.00  ||  +04.00  +00.00  -00.67  +00.00  +00.00  +00.67  +00.00  -01.33  +00.00  +00.00  +00.00  +00.00  +00.00  +00.00  +00.00  +00.00  +00.00  +01.67  +00.00  +00.00  +00.00  +01.00  |  +03.67

+00.00  -01.45  +00.00  +00.00  +00.00  +00.00  -04.05  +00.00  +00.00  +00.00  +00.00  +03.76  +03.97  +00.00  +00.00  +00.00  ||  +11.05  +00.00  +00.00  +00.00  +00.00  -03.95  +00.00  -01.45  +00.00  +00.00  +00.00  +00.00  -04.05  +00.00  +00.00  +00.00  +00.00  +03.76  +03.97  +00.00  +00.00  +00.00  |  +19.58
--------------------------------------------------------------------------------------------------------------------------------||----------------------------------------------------------------------------------------------------------------------------------------------------------------------------------|--------
+01.00  -00.50  +00.00  +00.00  +00.00  +00.00  +00.00  +00.00  +00.00  +00.00  +00.00  +00.50  +01.50  +00.00  +00.00  +00.00  ||  +03.00  +00.00  +00.00  +00.00  +00.00  -03.00  +01.00  -00.50  +00.00  +00.00  +00.00  +00.00  +00.00  +00.00  +00.00  +00.00  +00.00  +00.50  +01.50  +00.00  +00.00  +00.00  |  +12.00
+00.00  -00.29  +00.00  +00.00  +00.00  +00.00  -00.21  +00.00  +00.00  +00.00  +00.00  +00.55  +00.39  +00.00  +00.00  +00.00  ||  +01.21  +00.00  +00.00  +01.00  +00.00  +00.21  +00.00  -00.29  +00.00  +00.00  +00.00  +00.00  -00.21  +00.00  +00.00  +00.00  +00.00  +00.55  +00.39  +00.00  +00.00  +00.00  |  +02.32
+00.00  +00.87  +01.00  +00.00  +00.00  +00.00  +00.63  +00.00  +00.00  +00.00  +00.00  -00.66  -00.18  +00.00  +00.00  +00.00  ||  -02.63  +00.00  +00.00  +00.00  +00.00  -01.63  +00.00  +00.87  +01.00  +00.00  +00.00  +00.00  +00.63  +00.00  +00.00  +00.00  +00.00  -00.66  -00.18  +00.00  +00.00  +00.00  |  +09.05
+00.00  +00.47  +00.00  +01.00  +00.00  +00.00  +00.53  +00.00  +00.00  +00.00  +00.00  -00.63  -00.74  +00.00  +00.00  +00.00  ||  -00.53  +00.00  +00.00  +00.00  +00.00  -00.53  +00.00  +00.47  +00.00  +01.00  +00.00  +00.00  +00.53  +00.00  +00.00  +00.00  +00.00  -00.63  -00.74  +00.00  +00.00  +00.00  |  +04.21
+00.00  +00.24  +00.00  +00.00  +01.00  +00.00  +00.26  +00.00  +00.00  +00.00  +00.00  -00.82  +00.13  +00.00  +00.00  +00.00  ||  -01.26  +00.00  +00.00  +00.00  +00.00  -00.26  +00.00  +00.24  +00.00  +00.00  +01.00  +00.00  +00.26  +00.00  +00.00  +00.00  +00.00  -00.82  +00.13  +00.00  +00.00  +00.00  |  +02.11
+00.00  +00.32  +00.00  +00.00  +00.00  +01.00  -00.32  +00.00  +00.00  +00.00  +00.00  +00.58  -00.16  +00.00  +00.00  +00.00  ||  +00.32  +00.00  +00.00  +00.00  +00.00  -00.68  +00.00  +00.32  +00.00  +00.00  +00.00  +01.00  -00.32  +00.00  +00.00  +00.00  +00.00  +00.58  -00.16  +00.00  +00.00  +00.00  |  +05.47
+00.00  -00.21  +00.00  +00.00  +00.00  +00.00  +00.21  +00.00  +00.00  +00.00  +00.00  -00.05  +00.11  +00.00  +00.00  +00.00  ||  +00.79  +01.00  +00.00  +00.00  +00.00  -00.21  +00.00  -00.21  +00.00  +00.00  +00.00  +00.00  +00.21  +00.00  +00.00  +00.00  +00.00  -00.05  +00.11  +00.00  +00.00  +00.00  |  +00.68
+00.00  -01.58  +00.00  +00.00  +00.00  +00.00  -00.42  +01.00  +00.00  +00.00  +00.00  +01.11  +00.79  +00.00  +00.00  +00.00  ||  +05.42  +00.00  +00.00  +00.00  +00.00  +04.42* +00.00  -01.58  +00.00  +00.00  +00.00  +00.00  -00.42  +01.00  +00.00  +00.00  +00.00  +01.11  +00.79  +00.00  +00.00  +00.00  |  +14.63
+00.00  +00.32  +00.00  +00.00  +00.00  +00.00  +00.68  +00.00  +01.00  +00.00  +00.00  -01.42  -00.16  +00.00  +00.00  +00.00  ||  -02.68  +00.00  +00.00  +00.00  +00.00  -01.68  +00.00  +00.32  +00.00  +00.00  +00.00  +00.00  +00.68  +00.00  +01.00  +00.00  +00.00  -01.42  -00.16  +00.00  +00.00  +00.00  |  +02.47
+00.00  +01.68  +00.00  +00.00  +00.00  +00.00  +00.32  +00.00  +00.00  +01.00  +00.00  -01.58  -00.84  +00.00  +00.00  +00.00  ||  -05.32  +00.00  +00.00  +00.00  +00.00  -04.32  +00.00  +01.68  +00.00  +00.00  +00.00  +00.00  +00.32  +00.00  +00.00  +01.00  +00.00  -01.58  -00.84  +00.00  +00.00  +00.00  |  +03.53
+00.00  +00.32  +00.00  +00.00  +00.00  +00.00  -00.32  +00.00  +00.00  +00.00  +01.00  +00.58  +00.84  +00.00  +00.00  +00.00  ||  +03.32  +00.00  +00.00  +00.00  +00.00  -03.68  +00.00  +00.32  +00.00  +00.00  +00.00  +00.00  -00.32  +00.00  +00.00  +00.00  +01.00  +00.58  +00.84  +00.00  +00.00  +00.00  |  +08.47
+00.00  -00.18  +00.00  +00.00  +00.00  +00.00  -00.32  +00.00  +00.00  +00.00  +00.00  +00.08  +00.34  +00.00  +00.00  +00.00  ||  +00.32  +00.00  +00.00  +00.00  +01.00  +00.32  +00.00  -00.18  +00.00  +00.00  +00.00  +00.00  -00.32  +00.00  +00.00  +00.00  +00.00  +00.08  +00.34  +00.00  +00.00  +00.00  |  +01.47
+00.00  +00.34  +00.00  +00.00  +00.00  +00.00  +00.16  +00.00  +00.00  +00.00  +00.00  -00.29  +00.08  +00.00  +00.00  +00.00  ||  -00.16  +00.00  +01.00  +00.00  +00.00  -01.16  +00.00  +00.34  +00.00  +00.00  +00.00  +00.00  +00.16  +00.00  +00.00  +00.00  +00.00  -00.29  +00.08  +00.00  +00.00  +00.00  |  +00.26
+00.00  +01.47  +00.00  +00.00  +00.00  +00.00  +00.53  +00.00  +00.00  +00.00  +00.00  -00.63  -00.74  +01.00  +00.00  +00.00  ||  -00.53  +00.00  +00.00  +00.00  +00.00  -01.53  +00.00  +01.47  +00.00  +00.00  +00.00  +00.00  +00.53  +00.00  +00.00  +00.00  +00.00  -00.63  -00.74  +01.00  +00.00  +00.00  |  +06.21
+00.00  +00.47  +00.00  +00.00  +00.00  +00.00  +00.53  +00.00  +00.00  +00.00  +00.00  -00.63  +00.26  +00.00  +01.00  +00.00  ||  +01.47  +00.00  +00.00  +00.00  +00.00  -04.53  +00.00  +00.47  +00.00  +00.00  +00.00  +00.00  +00.53  +00.00  +00.00  +00.00  +00.00  -00.63  +00.26  +00.00  +01.00  +00.00  |  +09.21
+00.00  -01.11  +00.00  +00.00  +00.00  +00.00  +00.11  +00.00  +00.00  +00.00  +00.00  +01.47  +00.05  +00.00  +00.00  +01.00  ||  +03.89  +00.00  +00.00  +00.00  +00.00  -00.11  +00.00  -01.11  +00.00  +00.00  +00.00  +00.00  +00.11  +00.00  +00.00  +00.00  +00.00  +01.47  +00.05  +00.00  +00.00  +01.00  |  +03.84

+00.00  -02.86  +00.00  +00.00  +00.00  +00.00  -04.43  +00.89  +00.00  +00.00  +00.00  +04.75  +04.68  +00.00  +00.00  +00.00  ||  +15.89  +00.00  +00.00  +00.00  +00.00  +00.00  +00.00  -02.86  +00.00  +00.00  +00.00  +00.00  -04.43  +00.89  +00.00  +00.00  +00.00  +04.75  +04.68  +00.00  +00.00  +00.00  |  +32.64
--------------------------------------------------------------------------------------------------------------------------------||----------------------------------------------------------------------------------------------------------------------------------------------------------------------------------|--------
+01.00  -01.57  +00.00  +00.00  +00.00  +00.00  -00.29  +00.68  +00.00  +00.00  +00.00  +01.25  +02.04  +00.00  +00.00  +00.00  ||  +06.68  +00.00  +00.00  +00.00  +00.00  +00.00  +01.00  -01.57  +00.00  +00.00  +00.00  +00.00  -00.29  +00.68  +00.00  +00.00  +00.00  +01.25  +02.04  +00.00  +00.00  +00.00  |  +21.93
+00.00  -00.21  +00.00  +00.00  +00.00  +00.00  -00.19  -00.05  +00.00  +00.00  +00.00  +00.50  +00.36  +00.00  +00.00  +00.00  ||  +00.95  +00.00  +00.00  +01.00  +00.00  +00.00  +00.00  -00.21  +00.00  +00.00  +00.00  +00.00  -00.19  -00.05  +00.00  +00.00  +00.00  +00.50  +00.36  +00.00  +00.00  +00.00  |  +01.62
+00.00  +00.29  +01.00  +00.00  +00.00  +00.00  +00.48  +00.37  +00.00  +00.00  +00.00  -00.25  +00.11  +00.00  +00.00  +00.00  ||  -00.63  +00.00  +00.00  +00.00  +00.00  +00.00  +00.00  +00.29  +01.00  +00.00  +00.00  +00.00  +00.48  +00.37  +00.00  +00.00  +00.00  -00.25  +00.11  +00.00  +00.00  +00.00  |  +14.45
+00.00  +00.29  +00.00  +01.00  +00.00  +00.00  +00.48  +00.12  +00.00  +00.00  +00.00  -00.50  -00.64  +00.00  +00.00  +00.00  ||  +00.12  +00.00  +00.00  +00.00  +00.00  +00.00  +00.00  +00.29  +00.00  +01.00  +00.00  +00.00  +00.48  +00.12  +00.00  +00.00  +00.00  -00.50  -00.64  +00.00  +00.00  +00.00  |  +05.95
+00.00  +00.14  +00.00  +00.00  +01.00  +00.00  +00.24  +00.06  +00.00  +00.00  +00.00  -00.75  +00.18  +00.00  +00.00  +00.00  ||  -00.94  +00.00  +00.00  +00.00  +00.00  +00.00  +00.00  +00.14  +00.00  +00.00  +01.00  +00.00  +00.24  +00.06  +00.00  +00.00  +00.00  -00.75  +00.18  +00.00  +00.00  +00.00  |  +02.98
+00.00  +00.07  +00.00  +00.00  +00.00  +01.00  -00.38  +00.15  +00.00  +00.00  +00.00  +00.75  -00.04  +00.00  +00.00  +00.00  ||  +01.15  +00.00  +00.00  +00.00  +00.00  +00.00  +00.00  +00.07  +00.00  +00.00  +00.00  +01.00  -00.38  +00.15  +00.00  +00.00  +00.00  +00.75  -00.04  +00.00  +00.00  +00.00  |  +07.74
+00.00  -00.29  +00.00  +00.00  +00.00  +00.00  +00.19  +00.05  +00.00  +00.00  +00.00  +00.00  +00.14  +00.00  +00.00  +00.00  ||  +01.05  +01.00  +00.00  +00.00  +00.00  +00.00  +00.00  -00.29  +00.00  +00.00  +00.00  +00.00  +00.19  +00.05  +00.00  +00.00  +00.00  +00.00  +00.14  +00.00  +00.00  +00.00  |  +01.38
+00.00  -00.36  +00.00  +00.00  +00.00  +00.00  -00.10  +00.23  +00.00  +00.00  +00.00  +00.25  +00.18  +00.00  +00.00  +00.00  ||  +01.23  +00.00  +00.00  +00.00  +00.00  +01.00  +00.00  -00.36  +00.00  +00.00  +00.00  +00.00  -00.10  +00.23  +00.00  +00.00  +00.00  +00.25  +00.18  +00.00  +00.00  +00.00  |  +03.31
+00.00  -00.29  +00.00  +00.00  +00.00  +00.00  +00.52  +00.38  +01.00  +00.00  +00.00  -01.00  +00.14  +00.00  +00.00  +00.00  ||  -00.62  +00.00  +00.00  +00.00  +00.00  +00.00  +00.00  -00.29  +00.00  +00.00  +00.00  +00.00  +00.52  +00.38  +01.00  +00.00  +00.00  -01.00  +00.14  +00.00  +00.00  +00.00  |  +08.05
+00.00  +00.14  +00.00  +00.00  +00.00  +00.00  -00.10  +00.98  +00.00  +01.00  +00.00  -00.50  -00.07  +00.00  +00.00  +00.00  ||  -00.02  +00.00  +00.00  +00.00  +00.00  +00.00  +00.00  +00.14  +00.00  +00.00  +00.00  +00.00  -00.10  +00.98  +00.00  +01.00  +00.00  -00.50  -00.07  +00.00  +00.00  +00.00  |  +17.81
+00.00  -01.00  +00.00  +00.00  +00.00  +00.00  -00.67  +00.83  +00.00  +00.00  +01.00  +01.50  +01.50  +00.00  +00.00  +00.00  ||  +07.83  +00.00  +00.00  +00.00  +00.00  +00.00  +00.00  -01.00  +00.00  +00.00  +00.00  +00.00  -00.67  +00.83  +00.00  +00.00  +01.00  +01.50  +01.50  +00.00  +00.00  +00.00  |  +20.67
+00.00  -00.07  +00.00  +00.00  +00.00  +00.00  -00.29  -00.07  +00.00  +00.00  +00.00  +00.00  +00.29  +00.00  +00.00  +00.00  ||  -00.07  +00.00  +00.00  +00.00  +01.00  +00.00  +00.00  -00.07  +00.00  +00.00  +00.00  +00.00  -00.29  -00.07  +00.00  +00.00  +00.00  +00.00  +00.29  +00.00  +00.00  +00.00  |  +00.43
+00.00  -00.07  +00.00  +00.00  +00.00  +00.00  +00.05  +00.26  +00.00  +00.00  +00.00  +00.00  +00.29  +00.00  +00.00  +00.00  ||  +01.26  +00.00  +01.00  +00.00  +00.00  +00.00  +00.00  -00.07  +00.00  +00.00  +00.00  +00.00  +00.05  +00.26  +00.00  +00.00  +00.00  +00.00  +00.29  +00.00  +00.00  +00.00  |  +04.10
+00.00  +00.93  +00.00  +00.00  +00.00  +00.00  +00.38  +00.35  +00.00  +00.00  +00.00  -00.25  -00.46  +01.00  +00.00  +00.00  ||  +01.35  +00.00  +00.00  +00.00  +00.00  +00.00  +00.00  +00.93* +00.00  +00.00  +00.00  +00.00  +00.38  +00.35  +00.00  +00.00  +00.00  -00.25  -00.46  +01.00  +00.00  +00.00  |  +11.26
+00.00  -01.14  +00.00  +00.00  +00.00  +00.00  +00.10  +01.02  +00.00  +00.00  +00.00  +00.50  +01.07  +00.00  +01.00  +00.00  ||  +07.02  +00.00  +00.00  +00.00  +00.00  +00.00  +00.00  -01.14  +00.00  +00.00  +00.00  +00.00  +00.10  +01.02  +00.00  +00.00  +00.00  +00.50  +01.07  +00.00  +01.00  +00.00  |  +24.19
+00.00  -01.14  +00.00  +00.00  +00.00  +00.00  +00.10  +00.02  +00.00  +00.00  +00.00  +01.50  +00.07  +00.00  +00.00  +01.00  ||  +04.02  +00.00  +00.00  +00.00  +00.00  +00.00  +00.00  -01.14  +00.00  +00.00  +00.00  +00.00  +00.10  +00.02  +00.00  +00.00  +00.00  +01.50  +00.07  +00.00  +00.00  +01.00  |  +04.19

+00.00  +00.00  +00.00  +00.00  +00.00  +00.00  -03.26  +01.96  +00.00  +00.00  +00.00  +03.98  +03.25  +03.08  +00.00  +00.00  ||  +20.03  +00.00  +00.00  +00.00  +00.00  +00.00  +00.00  +00.00  +00.00  +00.00  +00.00  +00.00  -03.26  +01.96  +00.00  +00.00  +00.00  +03.98  +03.25  +03.08  +00.00  +00.00  |  +67.29
--------------------------------------------------------------------------------------------------------------------------------||----------------------------------------------------------------------------------------------------------------------------------------------------------------------------------|--------
+01.00  +00.00  +00.00  +00.00  +00.00  +00.00  +00.36  +01.26  +00.00  +00.00  +00.00  +00.83  +01.25  +01.69  +00.00  +00.00  ||  +08.96  +00.00  +00.00  +00.00  +00.00  +00.00  +01.00  +00.00  +00.00  +00.00  +00.00  +00.00  +00.36  +01.26  +00.00  +00.00  +00.00  +00.83  +01.25  +01.69  +00.00  +00.00  |  +40.99
+00.00  +00.00  +00.00  +00.00  +00.00  +00.00  -00.10  +00.03  +00.00  +00.00  +00.00  +00.44  +00.25  +00.23  +00.00  +00.00  ||  +01.26  +00.00  +00.00  +01.00  +00.00  +00.00  +00.00  +00.00  +00.00  +00.00  +00.00  +00.00  -00.10  +00.03  +00.00  +00.00  +00.00  +00.44  +00.25  +00.23  +00.00  +00.00  |  +04.22
+00.00  +00.00  +01.00  +00.00  +00.00  +00.00  +00.36  +00.26  +00.00  +00.00  +00.00  -00.17  +00.25  -00.31  +00.00  +00.00  ||  -01.04  +00.00  +00.00  +00.00  +00.00  +00.00  +00.00  +00.00  +01.00  +00.00  +00.00  +00.00  +00.36  +00.26  +00.00  +00.00  +00.00  -00.17  +00.25  -00.31  +00.00  +00.00  |  +10.99
+00.00  +00.00  +00.00  +01.00  +00.00  +00.00  +00.36  +00.01  +00.00  +00.00  +00.00  -00.42  -00.50  -00.31  +00.00  +00.00  ||  -00.29  +00.00  +00.00  +00.00  +00.00  +00.00  +00.00  +00.00  +00.00  +01.00  +00.00  +00.00  +00.36* +00.01  +00.00  +00.00  +00.00  -00.42  -00.50  -00.31  +00.00  +00.00  |  +02.49
+00.00  +00.00  +00.00  +00.00  +01.00  +00.00  +00.18  +00.01  +00.00  +00.00  +00.00  -00.71  +00.25  -00.15  +00.00  +00.00  ||  -01.15  +00.00  +00.00  +00.00  +00.00  +00.00  +00.00  +00.00  +00.00  +00.00  +01.00  +00.00  +00.18  +00.01  +00.00  +00.00  +00.00  -00.71  +00.25  -00.15  +00.00  +00.00  |  +01.24
+00.00  +00.00  +00.00  +00.00  +00.00  +01.00  -00.41  +00.13  +00.00  +00.00  +00.00  +00.77  -00.00  -00.08  +00.00  +00.00  ||  +01.05  +00.00  +00.00  +00.00  +00.00  +00.00  +00.00  +00.00  +00.00  +00.00  +00.00  +01.00  -00.41  +00.13  +00.00  +00.00  +00.00  +00.77  -00.00  -00.08  +00.00  +00.00  |  +06.87
+00.00  +00.00  +00.00  +00.00  +00.00  +00.00  +00.31  +00.15  +00.00  +00.00  +00.00  -00.08  +00.00  +00.31  +00.00  +00.00  ||  +01.46  +01.00  +00.00  +00.00  +00.00  +00.00  +00.00  +00.00  +00.00  +00.00  +00.00  +00.00  +00.31  +00.15  +00.00  +00.00  +00.00  -00.08  +00.00  +00.31  +00.00  +00.00  |  +04.85
+00.00  +00.00  +00.00  +00.00  +00.00  +00.00  +00.05  +00.36  +00.00  +00.00  +00.00  +00.15  +00.00  +00.38  +00.00  +00.00  ||  +01.74  +00.00  +00.00  +00.00  +00.00  +01.00  +00.00  +00.00  +00.00  +00.00  +00.00  +00.00  +00.05  +00.36  +00.00  +00.00  +00.00  +00.15  +00.00  +00.38  +00.00  +00.00  |  +07.64
+00.00  +00.00  +00.00  +00.00  +00.00  +00.00  +00.64  +00.49  +01.00  +00.00  +00.00  -01.08  +00.00  +00.31  +00.00  +00.00  ||  -00.21  +00.00  +00.00  +00.00  +00.00  +00.00  +00.00  +00.00  +00.00  +00.00  +00.00  +00.00  +00.64  +00.49  +01.00  +00.00  +00.00  -01.08  +00.00  +00.31  +00.00  +00.00  |  +11.51
+00.00  +00.00  +00.00  +00.00  +00.00  +00.00  -00.15  +00.92  +00.00  +01.00  +00.00  -00.46  +00.00  -00.15  +00.00  +00.00  ||  -00.23  +00.00  +00.00  +00.00  +00.00  +00.00  +00.00  +00.00  +00.00  +00.00  +00.00  +00.00  -00.15  +00.92  +00.00  +01.00  +00.00  -00.46  +00.00  -00.15  +00.00  +00.00  |  +16.08
+00.00  +00.00  +00.00  +00.00  +00.00  +00.00  -00.26  +01.21  +00.00  +00.00  +01.00  +01.23  +01.00  +01.08  +00.00  +00.00  ||  +09.28  +00.00  +00.00  +00.00  +00.00  +00.00  +00.00  +00.00  +00.00  +00.00  +00.00  +00.00  -00.26  +01.21  +00.00  +00.00  +01.00  +01.23  +01.00  +01.08  +00.00  +00.00  |  +32.79
+00.00  +00.00  +00.00  +00.00  +00.00  +00.00  -00.26  -00.04  +00.00  +00.00  +00.00  -00.02  +00.25  +00.08  +00.00  +00.00  ||  +00.03  +00.00  +00.00  +00.00  +01.00  +00.00  +00.00  +00.00  +00.00  +00.00  +00.00  +00.00  -00.26  -00.04  +00.00  +00.00  +00.00  -00.02  +00.25  +00.08  +00.00  +00.00  |  +01.29
+00.00  +00.00  +00.00  +00.00  +00.00  +00.00  +00.08  +00.29  +00.00  +00.00  +00.00  -00.02  +00.25  +00.08  +00.00  +00.00  ||  +01.37  +00.00  +01.00  +00.00  +00.00  +00.00  +00.00  +00.00  +00.00  +00.00  +00.00  +00.00  +00.08  +00.29  +00.00  +00.00  +00.00  -00.02  +00.25  +00.08  +00.00  +00.00  |  +04.96
+00.00  +01.00  +00.00  +00.00  +00.00  +00.00  +00.41  +00.37  +00.00  +00.00  +00.00  -00.27  -00.50  +01.08  +00.00  +00.00  ||  +01.45  +00.00  +00.00  +00.00  +00.00  +00.00  +00.00  +01.00  +00.00  +00.00  +00.00  +00.00  +00.41  +00.37  +00.00  +00.00  +00.00  -00.27  -00.50  +01.08  +00.00  +00.00  |  +12.13
+00.00  +00.00  +00.00  +00.00  +00.00  +00.00  +00.56  +01.45  +00.00  +00.00  +00.00  +00.19  +00.50  +01.23  +01.00  +00.00  ||  +08.68  +00.00  +00.00  +00.00  +00.00  +00.00  +00.00  +00.00  +00.00  +00.00  +00.00  +00.00  +00.56  +01.45  +00.00  +00.00  +00.00  +00.19  +00.50  +01.23  +01.00  +00.00  |  +38.05
+00.00  +00.00  +00.00  +00.00  +00.00  +00.00  +00.56  +00.45  +00.00  +00.00  +00.00  +01.19  -00.50  +01.23  +00.00  +01.00  ||  +05.68  +00.00  +00.00  +00.00  +00.00  +00.00  +00.00  +00.00  +00.00  +00.00  +00.00  +00.00  +00.56  +00.45  +00.00  +00.00  +00.00  +01.19  -00.50  +01.23  +00.00  +01.00  |  +18.05

+00.00  +00.00  +00.00  +09.07  +00.00  +00.00  +00.00  +02.07  +00.00  +00.00  +00.00  +00.14  -01.29  +00.29  +00.00  +00.00  ||  +17.36  +00.00  +00.00  +00.00  +00.00  +00.00  +00.00  +00.00  +00.00  +09.07  +00.00  +00.00  +00.00  +02.07  +00.00  +00.00  +00.00  +00.14  -01.29  +00.29  +00.00  +00.00  |  +89.86
--------------------------------------------------------------------------------------------------------------------------------||----------------------------------------------------------------------------------------------------------------------------------------------------------------------------------|--------
+01.00  +00.00  +00.00  -01.00  +00.00  +00.00  +00.00  +01.25  +00.00  +00.00  +00.00  +01.25  +01.75  +02.00  +00.00  +00.00  ||  +09.25  +00.00  +00.00  +00.00  +00.00  +00.00  +01.00  +00.00  +00.00  -01.00  +00.00  +00.00  +00.00  +01.25  +00.00  +00.00  +00.00  +01.25  +01.75  +02.00  +00.00  +00.00  |  +38.50
+00.00  +00.00  +00.00  +00.29  +00.00  +00.00  +00.00  +00.04  +00.00  +00.00  +00.00  +00.32  +00.11  +00.14  +00.00  +00.00  ||  +01.18  +00.00  +00.00  +01.00  +00.00  +00.00  +00.00  +00.00  +00.00  +00.29  +00.00  +00.00  +00.00  +00.04  +00.00  +00.00  +00.00  +00.32  +00.11  +00.14  +00.00  +00.00  |  +04.93
+00.00  +00.00  +01.00  -01.00  +00.00  +00.00  +00.00  +00.25  +00.00  +00.00  +00.00  +00.25  +00.75  +00.00  +00.00  +00.00  ||  -00.75  +00.00  +00.00  +00.00  +00.00  +00.00  +00.00  +00.00  +01.00  -01.00  +00.00  +00.00  +00.00  +00.25  +00.00  +00.00  +00.00  +00.25  +00.75  +00.00  +00.00  +00.00  |  +08.50
+00.00  +00.00  +00.00  +02.79  +00.00  +00.00  +01.00  +00.04  +00.00  +00.00  +00.00  -01.18  -01.39  -00.86  +00.00  +00.00  ||  -00.82  +00.00  +00.00  +00.00  +00.00  +00.00  +00.00  +00.00  +00.00  +02.79  +00.00  +00.00  +01.00  +00.04  +00.00  +00.00  +00.00  -01.18  -01.39  -00.86  +00.00  +00.00  |  +06.93
+00.00  +00.00  +00.00  -00.50  +01.00  +00.00  +00.00  +00.00  +00.00  +00.00  +00.00  -00.50  +00.50  +00.00  +00.00  +00.00  ||  -01.00  +00.00  +00.00  +00.00  +00.00  +00.00  +00.00  +00.00  +00.00  -00.50  +01.00  +00.00  +00.00  +00.00  +00.00  +00.00  +00.00  -00.50  +00.50* +00.00  +00.00  +00.00  |  +00.00
+00.00  +00.00  +00.00  +01.14  +00.00  +01.00  +00.00  +00.14  +00.00  +00.00  +00.00  +00.29  -00.57  -00.43  +00.00  +00.00  ||  +00.71  +00.00  +00.00  +00.00  +00.00  +00.00  +00.00  +00.00  +00.00  +01.14  +00.00  +01.00  +00.00  +00.14  +00.00  +00.00  +00.00  +00.29  -00.57  -00.43  +00.00  +00.00  |  +09.71
+00.00  +00.00  +00.00  -00.86  +00.00  +00.00  +00.00  +00.14  +00.00  +00.00  +00.00  +00.29  +00.43  +00.57  +00.00  +00.00  ||  +01.71  +01.00  +00.00  +00.00  +00.00  +00.00  +00.00  +00.00  +00.00  -00.86  +00.00  +00.00  +00.00  +00.14  +00.00  +00.00  +00.00  +00.29  +00.43  +00.57  +00.00  +00.00  |  +02.71
+00.00  +00.00  +00.00  -00.14  +00.00  +00.00  +00.00  +00.36  +00.00  +00.00  +00.00  +00.21  +00.07  +00.43  +00.00  +00.00  ||  +01.79  +00.00  +00.00  +00.00  +00.00  +01.00  +00.00  +00.00  +00.00  -00.14  +00.00  +00.00  +00.00  +00.36  +00.00  +00.00  +00.00  +00.21  +00.07  +00.43  +00.00  +00.00  |  +07.29
+00.00  +00.00  +00.00  -01.79  +00.00  +00.00  +00.00  +00.46  +01.00  +00.00  +00.00  -00.32  +00.89  +00.86  +00.00  +00.00  ||  +00.32  +00.00  +00.00  +00.00  +00.00  +00.00  +00.00  +00.00  +00.00  -01.79  +00.00  +00.00  +00.00  +00.46  +01.00  +00.00  +00.00  -00.32  +00.89  +00.86  +00.00  +00.00  |  +07.07
+00.00  +00.00  +00.00  +00.43  +00.00  +00.00  +00.00  +00.93  +00.00  +01.00  +00.00  -00.64  -00.21  -00.29  +00.00  +00.00  ||  -00.36  +00.00  +00.00  +00.00  +00.00  +00.00  +00.00  +00.00  +00.00  +00.43  +00.00  +00.00  +00.00  +00.93  +00.00  +01.00  +00.00  -00.64  -00.21  -00.29  +00.00  +00.00  |  +17.14
+00.00  +00.00  +00.00  +00.71  +00.00  +00.00  +00.00  +01.21  +00.00  +00.00  +01.00  +00.93  +00.64  +00.86  +00.00  +00.00  ||  +09.07  +00.00  +00.00  +00.00  +00.00  +00.00  +00.00  +00.00  +00.00  +00.71  +00.00  +00.00  +00.00  +01.21  +00.00  +00.00  +01.00  +00.93  +00.64  +00.86  +00.00  +00.00  |  +34.57
+00.00  +00.00  +00.00  +00.71  +00.00  +00.00  +00.00  -00.04  +00.00  +00.00  +00.00  -00.32  -00.11  -00.14  +00.00  +00.00  ||  -00.18  +00.00  +00.00  +00.00  +01.00  +00.00  +00.00  +00.00  +00.00  +00.71  +00.00  +00.00  +00.00  -00.04  +00.00  +00.00  +00.00  -00.32  -00.11  -00.14  +00.00  +00.00  |  +03.07
+00.00  +00.00  +00.00  -00.21  +00.00  +00.00  +00.00  +00.29  +00.00  +00.00  +00.00  +00.07  +00.36  +00.14  +00.00  +00.00  ||  +01.43  +00.00  +01.00  +00.00  +00.00  +00.00  +00.00  +00.00  +00.00  -00.21  +00.00  +00.00  +00.00  +00.29  +00.00  +00.00  +00.00  +00.07  +00.36  +00.14  +00.00  +00.00  |  +04.43
+00.00  +01.00  +00.00  -01.14  +00.00  +00.00  +00.00  +00.36  +00.00  +00.00  +00.00  +00.21  +00.07  +01.43  +00.00  +00.00  ||  +01.79  +00.00  +00.00  +00.00  +00.00  +00.00  +00.00  +01.00  +00.00  -01.14  +00.00  +00.00  +00.00  +00.36  +00.00  +00.00  +00.00  +00.21  +00.07  +01.43  +00.00  +00.00  |  +09.29
+00.00  +00.00  +00.00  -01.57  +00.00  +00.00  +00.00  +01.43  +00.00  +00.00  +00.00  +00.86  +01.29  +01.71  +01.00  +00.00  ||  +09.14  +00.00  +00.00  +00.00  +00.00  +00.00  +00.00  +00.00  +00.00  -01.57  +00.00  +00.00  +00.00  +01.43  +00.00  +00.00  +00.00  +00.86  +01.29  +01.71  +01.00  +00.00  |  +34.14
+00.00  +00.00  +00.00  -01.57  +00.00  +00.00  +00.00  +00.43  +00.00  +00.00  +00.00  +01.86  +00.29  +01.71  +00.00  +01.00  ||  +06.14  +00.00  +00.00  +00.00  +00.00  +00.00  +00.00  +00.00  +00.00  -01.57  +00.00  +00.00  +00.00  +00.43  +00.00  +00.00  +00.00  +01.86  +00.29  +01.71  +00.00  +01.00  |  +14.14

+00.00  +00.00  +00.00  +07.79  +02.57  +00.00  +00.00  +02.07  +00.00  +00.00  +00.00  -01.14  +00.00  +00.29  +00.00  +00.00  ||  +14.79  +00.00  +00.00  +00.00  +00.00  +00.00  +00.00  +00.00  +00.00  +07.79  +02.57  +00.00  +00.00  +02.07  +00.00  +00.00  +00.00  -01.14  +00.00  +00.29  +00.00  +00.00  |  +89.86
--------------------------------------------------------------------------------------------------------------------------------||----------------------------------------------------------------------------------------------------------------------------------------------------------------------------------|--------
+01.00  +00.00  +00.00  +00.75  -03.50  +00.00  +00.00  +01.25  +00.00  +00.00  +00.00  +03.00  +00.00  +02.00  +00.00  +00.00  ||  +12.75  +00.00  +00.00  +00.00  +00.00  +00.00  +01.00  +00.00  +00.00  +00.75  -03.50  +00.00  +00.00  +01.25  +00.00  +00.00  +00.00  +03.00  +00.00  +02.00  +00.00  +00.00  |  +38.50
+00.00  +00.00  +00.00  +00.39  -00.21  +00.00  +00.00  +00.04  +00.00  +00.00  +00.00  +00.43  +00.00  +00.14  +00.00  +00.00  ||  +01.39  +00.00  +00.00  +01.00  +00.00  +00.00  +00.00  +00.00  +00.00  +00.39  -00.21  +00.00  +00.00  +00.04  +00.00  +00.00  +00.00  +00.43  +00.00  +00.14  +00.00  +00.00  |  +04.93
+00.00  +00.00  +01.00  -00.25  -01.50  +00.00  +00.00  +00.25  +00.00  +00.00  +00.00  +01.00  +00.00  +00.00  +00.00  +00.00  ||  +00.75  +00.00  +00.00  +00.00  +00.00  +00.00  +00.00  +00.00  +01.00  -00.25  -01.50  +00.00  +00.00  +00.25  +00.00  +00.00  +00.00  +01.00  +00.00  +00.00  +00.00  +00.00  |  +08.50
+00.00  +00.00  +00.00  +01.39  +02.79  +00.00  +01.00  +00.04  +00.00  +00.00  +00.00  -02.57  +00.00  -00.86  +00.00  +00.00  ||  -03.61  +00.00  +00.00  +00.00  +00.00  +00.00  +00.00  +00.00  +00.00  +01.39  +02.79  +00.00  +01.00  +00.04  +00.00  +00.00  +00.00  -02.57  +00.00  -00.86  +00.00  +00.00  |  +06.93
+00.00  +00.00  +00.00  -01.00  +02.00  +00.00  +00.00  +00.00  +00.00  +00.00  +00.00  -01.00  +01.00  +00.00  +00.00  +00.00  ||  -02.00  +00.00  +00.00  +00.00  +00.00  +00.00  +00.00  +00.00  +00.00  -01.00  +02.00  +00.00  +00.00  +00.00  +00.00  +00.00  +00.00  -01.00  +01.00  +00.00  +00.00  +00.00  |  +00.00
+00.00  +00.00  +00.00  +00.57  +01.14  +01.00  +00.00  +00.14  +00.00  +00.00  +00.00  -00.29  +00.00  -00.43  +00.00  +00.00  ||  -00.43  +00.00  +00.00  +00.00  +00.00  +00.00  +00.00  +00.00  +00.00  +00.57  +01.14  +01.00  +00.00  +00.14  +00.00  +00.00  +00.00  -00.29  +00.00  -00.43  +00.00  +00.00  |  +09.71
+00.00  +00.00  +00.00  -00.43  -00.86  +00.00  +00.00  +00.14  +00.00  +00.00  +00.00  +00.71  +00.00  +00.57  +00.00  +00.00  ||  +02.57  +01.00  +00.00  +00.00  +00.00  +00.00  +00.00  +00.00  +00.00  -00.43  -00.86  +00.00  +00.00  +00.14  +00.00  +00.00  +00.00  +00.71* +00.00  +00.57  +00.00  +00.00  |  +02.71
+00.00  +00.00  +00.00  -00.07  -00.14  +00.00  +00.00  +00.36  +00.00  +00.00  +00.00  +00.29  +00.00  +00.43  +00.00  +00.00  ||  +01.93  +00.00  +00.00  +00.00  +00.00  +01.00  +00.00  +00.00  +00.00  -00.07  -00.14  +00.00  +00.00  +00.36  +00.00  +00.00  +00.00  +00.29  +00.00  +00.43  +00.00  +00.00  |  +07.29
+00.00  +00.00  +00.00  -00.89  -01.79  +00.00  +00.00  +00.46  +01.00  +00.00  +00.00  +00.57  +00.00  +00.86  +00.00  +00.00  ||  +02.11  +00.00  +00.00  +00.00  +00.00  +00.00  +00.00  +00.00  +00.00  -00.89  -01.79  +00.00  +00.00  +00.46  +01.00  +00.00  +00.00  +00.57  +00.00  +00.86  +00.00  +00.00  |  +07.07
+00.00  +00.00  +00.00  +00.21  +00.43  +00.00  +00.00  +00.93  +00.00  +01.00  +00.00  -00.86  +00.00  -00.29  +00.00  +00.00  ||  -00.79  +00.00  +00.00  +00.00  +00.00  +00.00  +00.00  +00.00  +00.00  +00.21  +00.43  +00.00  +00.00  +00.93  +00.00  +01.00  +00.00  -00.86  +00.00  -00.29  +00.00  +00.00  |  +17.14
+00.00  +00.00  +00.00  +01.36  -01.29  +00.00  +00.00  +01.21  +00.00  +00.00  +01.00  +01.57  +00.00  +00.86  +00.00  +00.00  ||  +10.36  +00.00  +00.00  +00.00  +00.00  +00.00  +00.00  +00.00  +00.00  +01.36  -01.29  +00.00  +00.00  +01.21  +00.00  +00.00  +01.00  +01.57  +00.00  +00.86  +00.00  +00.00  |  +34.57
+00.00  +00.00  +00.00  +00.61  +00.21  +00.00  +00.00  -00.04  +00.00  +00.00  +00.00  -00.43  +00.00  -00.14  +00.00  +00.00  ||  -00.39  +00.00  +00.00  +00.00  +01.00  +00.00  +00.00  +00.00  +00.00  +00.61  +00.21  +00.00  +00.00  -00.04  +00.00  +00.00  +00.00  -00.43  +00.00  -00.14  +00.00  +00.00  |  +03.07
+00.00  +00.00  +00.00  +00.14  -00.71  +00.00  +00.00  +00.29  +00.00  +00.00  +00.00  +00.43  +00.00  +00.14  +00.00  +00.00  ||  +02.14  +00.00  +01.00  +00.00  +00.00  +00.00  +00.00  +00.00  +00.00  +00.14  -00.71  +00.00  +00.00  +00.29  +00.00  +00.00  +00.00  +00.43  +00.00  +00.14  +00.00  +00.00  |  +04.43
+00.00  +01.00  +00.00  -01.07  -00.14  +00.00  +00.00  +00.36  +00.00  +00.00  +00.00  +00.29  +00.00  +01.43  +00.00  +00.00  ||  +01.93  +00.00  +00.00  +00.00  +00.00  +00.00  +00.00  +01.00  +00.00  -01.07  -00.14  +00.00  +00.00  +00.36  +00.00  +00.00  +00.00  +00.29  +00.00  +01.43  +00.00  +00.00  |  +09.29
+00.00  +00.00  +00.00  -00.29  -02.57  +00.00  +00.00  +01.43  +00.00  +00.00  +00.00  +02.14  +00.00  +01.71  +01.00  +00.00  ||  +11.71  +00.00  +00.00  +00.00  +00.00  +00.00  +00.00  +00.00  +00.00  -00.29  -02.57  +00.00  +00.00  +01.43  +00.00  +00.00  +00.00  +02.14  +00.00  +01.71  +01.00  +00.00  |  +34.14
+00.00  +00.00  +00.00  -01.29  -00.57  +00.00  +00.00  +00.43  +00.00  +00.00  +00.00  +02.14  +00.00  +01.71  +00.00  +01.00  ||  +06.71  +00.00  +00.00  +00.00  +00.00  +00.00  +00.00  +00.00  +00.00  -01.29  -00.57  +00.00  +00.00  +00.43  +00.00  +00.00  +00.00  +02.14  +00.00  +01.71  +00.00  +01.00  |  +14.14

+00.00  +00.00  +00.00  +07.10  +01.20  +00.00  +00.00  +02.30  +00.00  +00.00  +00.00  +00.00  +00.00  +01.20  +00.00  +00.00  ||  +18.90  +01.60  +00.00  +00.00  +00.00  +00.00  +00.00  +00.00  +00.00  +07.10  +01.20  +00.00  +00.00  +02.30  +00.00  +00.00  +00.00  +00.00  +00.00  +01.20  +00.00  +00.00  |  +94.20
--------------------------------------------------------------------------------------------------------------------------------||----------------------------------------------------------------------------------------------------------------------------------------------------------------------------------|--------
+01.00  +00.00  +00.00  +02.55  +00.10  +00.00  +00.00  +00.65  +00.00  +00.00  +00.00  +00.00  +00.00  -00.40  +00.00  +00.00  ||  +01.95  -04.20  +00.00  +00.00  +00.00  +00.00  +01.00  +00.00  +00.00  +02.55  +00.10  +00.00  +00.00  +00.65  +00.00  +00.00  +00.00  +00.00  +00.00  -00.40  +00.00  +00.00  |  +27.10
+00.00  +00.00  +00.00  +00.65  +00.30  +00.00  +00.00  -00.05  +00.00  +00.00  +00.00  +00.00  +00.00  -00.20  +00.00  +00.00  ||  -00.15  -00.60  +00.00  +01.00  +00.00  +00.00  +00.00  +00.00  +00.00  +00.65  +00.30  +00.00  +00.00  -00.05  +00.00  +00.00  +00.00  +00.00  +00.00  -00.20  +00.00  +00.00  |  +03.30
+00.00  +00.00  +01.00  +00.35  -00.30  +00.00  +00.00  +00.05  +00.00  +00.00  +00.00  +00.00  +00.00  -00.80  +00.00  +00.00  ||  -02.85  -01.40  +00.00  +00.00  +00.00  +00.00  +00.00  +00.00  +01.00  +00.35  -00.30  +00.00  +00.00  +00.05  +00.00  +00.00  +00.00  +00.00  +00.00  -00.80  +00.00  +00.00  |  +04.70
+00.00  +00.00  +00.00  -00.15  -00.30  +00.00  +01.00  +00.55  +00.00  +00.00  +00.00  +00.00  +00.00  +01.20  +00.00  +00.00  ||  +05.65  +03.60  +00.00  +00.00  +00.00  +00.00  +00.00  +00.00  +00.00  -00.15  -00.30  +00.00  +01.00  +00.55  +00.00  +00.00  +00.00  +00.00  +00.00  +01.20  +00.00  +00.00  |  +16.70
+00.00  +00.00  +00.00  -01.60  +00.80  +00.00  +00.00  +00.20  +00.00  +00.00  +00.00  +00.00  +01.00  +00.80  +00.00  +00.00  ||  +01.60  +01.40  +00.00  +00.00  +00.00  +00.00  +00.00  +00.00  +00.00  -01.60  +00.80  +00.00  +00.00  +00.20  +00.00  +00.00  +00.00  +00.00  +01.00  +00.80  +00.00  +00.00  |  +03.80
+00.00  +00.00  +00.00  +00.40  +00.80  +01.00  +00.00  +00.20  +00.00  +00.00  +00.00  +00.00  +00.00  -00.20  +00.00  +00.00  ||  +00.60  +00.40  +00.00  +00.00  +00.00  +00.00  +00.00  +00.00  +00.00  +00.40  +00.80  +01.00  +00.00  +00.20  +00.00  +00.00  +00.00  +00.00  +00.00  -00.20  +00.00  +00.00  |  +10.80
+00.00  +00.00  +00.00  -00.60  -01.20  +00.00  +00.00  +00.20  +00.00  +00.00  +00.00  +01.00  +00.00  +00.80  +00.00  +00.00  ||  +03.60  +01.40  +00.00  +00.00  +00.00  +00.00  +00.00  +00.00  +00.00  -00.60  -01.20  +00.00  +00.00  +00.20  +00.00  +00.00  +00.00  +01.00  +00.00  +00.80  +00.00  +00.00  |  +03.80
+00.00  +00.00  +00.00  +00.10  +00.20  +00.00  +00.00  +00.30  +00.00  +00.00  +00.00  +00.00  +00.00  +00.20  +00.00  +00.00  ||  +00.90  -00.40  +00.00  +00.00  +00.00  +01.00  +00.00  +00.00  +00.00  +00.10  +00.20  +00.00  +00.00  +00.30  +00.00  +00.00  +00.00  +00.00  +00.00  +00.20  +00.00  +00.00  |  +06.20
+00.00  +00.00  +00.00  -00.55  -01.10  +00.00  +00.00  +00.35  +01.00  +00.00  +00.00  +00.00  +00.00  +00.40  +00.00  +00.00  ||  +00.05  -00.80  +00.00  +00.00  +00.00  +00.00  +00.00  +00.00  +00.00  -00.55  -01.10  +00.00  +00.00  +00.35  +01.00  +00.00  +00.00  +00.00  +00.00  +00.40  +00.00  +00.00  |  +04.90
+00.00  +00.00  +00.00  -00.30  -00.60  +00.00  +00.00  +01.10  +00.00  +01.00  +00.00  +00.00  +00.00  +00.40  +00.00  +00.00  ||  +02.30  +01.20  +00.00  +00.00  +00.00  +00.00  +00.00  +00.00  +00.00  -00.30  -00.60  +00.00  +00.00  +01.10  +00.00  +01.00  +00.00  +00.00  +00.00  +00.40  +00.00  +00.00  |  +20.40
+00.00  +00.00  +00.00  +02.30  +00.60  +00.00  +00.00  +00.90  +00.00  +00.00  +01.00  +00.00  +00.00  -00.40  +00.00  +00.00  ||  +04.70  -02.20  +00.00  +00.00  +00.00  +00.00  +00.00  +00.00  +00.00  +02.30  +00.60  +00.00  +00.00  +00.90  +00.00  +00.00  +01.00  +00.00  +00.00  -00.40  +00.00  +00.00  |  +28.60
+00.00  +00.00  +00.00  +00.35  -00.30  +00.00  +00.00  +00.05  +00.00  +00.00  +00.00  +00.00  +00.00  +00.20  +00.00  +00.00  ||  +01.15  +00.60  +00.00  +00.00  +01.00  +00.00  +00.00  +00.00  +00.00  +00.35  -00.30  +00.00  +00.00  +00.05  +00.00  +00.00  +00.00  +00.00  +00.00  +00.20  +00.00  +00.00  |  +04.70
+00.00  +00.00  +00.00  +00.40  -00.20  +00.00  +00.00  +00.20  +00.00  +00.00  +00.00  +00.00  +00.00  -00.20  +00.00  +00.00  ||  +00.60  -00.60  +01.00  +00.00  +00.00  +00.00  +00.00  +00.00  +00.00  +00.40  -00.20  +00.00  +00.00  +00.20  +00.00  +00.00  +00.00  +00.00  +00.00  -00.20  +00.00  +00.00  |  +02.80
+00.00  +01.00  +00.00  -00.90  +00.20  +00.00  +00.00  +00.30  +00.00  +00.00  +00.00  +00.00  +00.00  +01.20  +00.00  +00.00  ||  +00.90  -00.40  +00.00  +00.00  +00.00  +00.00  +00.00  +01.00  +00.00  -00.90  +00.20  +00.00  +00.00  +00.30  +00.00  +00.00  +00.00  +00.00  +00.00  +01.20  +00.00  +00.00  |  +08.20
+00.00  +00.00  +00.00  +01.00  -00.00  +00.00  +00.00  +01.00  +00.00  +00.00  +00.00  +00.00  +00.00  -00.00  +01.00  +00.00  ||  +04.00  -03.00  +00.00  +00.00  +00.00  +00.00  +00.00  +00.00  +00.00  +01.00  -00.00  +00.00  +00.00  +01.00  +00.00  +00.00  +00.00  +00.00  +00.00  -00.00  +01.00  +00.00  |  +26.00
+00.00  +00.00  +00.00  +00.00  +02.00  +00.00  +00.00  +00.00  +00.00  +00.00  +00.00  +00.00  +00.00  -00.00  +00.00  +01.00  ||  -01.00  -03.00  +00.00  +00.00  +00.00  +00.00  +00.00  +00.00  +00.00  +00.00  +02.00  +00.00  +00.00  +00.00  +00.00  +00.00  +00.00  +00.00  +00.00  -00.00  +00.00  +01.00  |  +06.00

otima
94.2000000
0.0000000 0.0000000 2.8000000 3.3000000 4.7000000 6.2000000
0.0000000 0.0000000 0.0000000 7.1000000 1.2000000 0.0000000 0.0000000 2.3000000 0.0000000 0.0000000 0.0000000 0.0000000 0.0000000 1.2000000 0.0000000 0.0000000
