Tableau inicial:

------------------------------------------------------------------------------------------------------------------------------
     0     1     2     3     |     4     5     6     7     |     8     9    10    11     |    12    13    14    15     |    16
------------------------------------------------------------------------------------------------------------------------------
     0     0     0     0     |     3     4    -5     5     '     0     0     0     0     '     0     0     0     0     |     0
     -     -     -     -     -     -     -     -     -     -     -     -     -     -     -     -     -     -     -     -     -
     1     0     0     0     |     1     1     0     0     '     1     0     0     0     '     0     0     0     0     |     5
     0     1     0     0     |    -1     0    -5     5     '     0     1     0     0     '     0     0     0     0     |   -10
     0     0     1     0     |     2     1     1    -1     '     0     0     1     0     '     0     0     0     0     |    10
     0     0     0     1     |    -2    -1    -1     1     '     0     0     0     1     '     0     0     0     0     |   -10


==============================================================================================================================

Tableau tratado:

------------------------------------------------------------------------------------------------------------------------------
     0     1     2     3     |     4     5     6     7     |     8     9    10    11     |    12    13    14    15     |    16
------------------------------------------------------------------------------------------------------------------------------
     0     0     0     0     |     3     4    -5     5     '     0     0     0     0     '     0     0     0     0     |     0
     -     -     -     -     -     -     -     -     -     -     -     -     -     -     -     -     -     -     -     -     -
     1     0     0     0     |     1     1     0     0     '     1     0     0     0     '     0     0     0     0     |     5
     0    -1     0     0     |     1     0     5    -5     '     0    -1     0     0     '     0     0     0     0     |    10
     0     0     1     0     |     2     1     1    -1     '     0     0     1     0     '     0     0     0     0     |    10
     0     0     0    -1     |     2     1     1    -1     '     0     0     0    -1     '     0     0     0     0     |    10


==============================================================================================================================

------------
PL Auxiliar:

------------------------------------------------------------------------------------------------------------------------------
     0     1     2     3     |     4     5     6     7     |     8     9    10    11     |    12    13    14    15     |    16
------------------------------------------------------------------------------------------------------------------------------
     0     0     0     0     |     0     0     0     0     '     0     0     0     0     '     1     1     1     1     |     0
     -     -     -     -     -     -     -     -     -     -     -     -     -     -     -     -     -     -     -     -     -
     1     0     0     0     |     1     1     0     0     '     1     0     0     0     '     1     0     0     0     |     5
     0    -1     0     0     |     1     0     5    -5     '     0    -1     0     0     '     0     1     0     0     |    10
     0     0     1     0     |     2     1     1    -1     '     0     0     1     0     '     0     0     1     0     |    10
     0     0     0    -1     |     2     1     1    -1     '     0     0     0    -1     '     0     0     0     1     |    10


==============================================================================================================================


------------------------------------------------------------------------------------------------------------------------------
     0     1     2     3     |     4     5     6     7     |     8     9    10    11     |    12    13    14    15     |    16
------------------------------------------------------------------------------------------------------------------------------
    -1     1    -1     1     |    -6    -3    -7     7     '    -1     1    -1     1     '     0     0     0     0     |   -35
     -     -     -     -     -     -     -     -     -     -     -     -     -     -     -     -     -     -     -     -     -
     1     0     0     0     |     1     1     0     0     '     1     0     0     0     '     1     0     0     0     |     5
     0    -1     0     0     |     1     0     5    -5     '     0    -1     0     0     '     0     1     0     0     |    10
     0     0     1     0     |     2     1     1    -1     '     0     0     1     0     '     0     0     1     0     |    10
     0     0     0    -1     |     2     1     1    -1     '     0     0     0    -1     '     0     0     0     1     |    10


==============================================================================================================================

Tableau 0 -> Eliminar 1x4:

------------------------------------------------------------------------------------------------------------------------------
     0     1     2     3     |     4     5     6     7     |     8     9    10    11     |    12    13    14    15     |    16
------------------------------------------------------------------------------------------------------------------------------
     5     1    -1     1     |     0     3    -7     7     '     5     1    -1     1     '     6     0     0     0     |    -5
     -     -     -     -     -     -     -     -     -     -     -     -     -     -     -     -     -     -     -     -     -
     1     0     0     0     |     1     1     0     0     '     1     0     0     0     '     1     0     0     0     |     5
    -1    -1     0     0     |     0    -1     5    -5     '    -1    -1     0     0     '    -1     1     0     0     |     5
    -2     0     1     0     |     0    -1     1    -1     '    -2     0     1     0     '    -2     0     1     0     |     0
    -2     0     0    -1     |     0    -1     1    -1     '    -2     0     0    -1     '    -2     0     0     1     |     0


==============================================================================================================================

Tableau 1 -> Eliminar 3x6:

------------------------------------------------------------------------------------------------------------------------------
     0     1     2     3     |     4     5     6     7     |     8     9    10    11     |    12    13    14    15     |    16
------------------------------------------------------------------------------------------------------------------------------
    -9     1     6     1     |     0    -4     0     0     '    -9     1     6     1     '    -8     0     7     0     |    -5
     -     -     -     -     -     -     -     -     -     -     -     -     -     -     -     -     -     -     -     -     -
     1     0     0     0     |     1     1     0     0     '     1     0     0     0     '     1     0     0     0     |     5
     9    -1    -5     0     |     0     4     0     0     '     9    -1    -5     0     '     9     1    -5     0     |     5
    -2     0     1     0     |     0    -1     1    -1     '    -2     0     1     0     '    -2     0     1     0     |     0
     0     0    -1    -1     |     0     0     0     0     '     0     0    -1    -1     '     0     0    -1     1     |     0


==============================================================================================================================

Tableau 2 -> Eliminar 2x5:

------------------------------------------------------------------------------------------------------------------------------
     0     1     2     3     |     4     5     6     7     |     8     9    10    11     |    12    13    14    15     |    16
------------------------------------------------------------------------------------------------------------------------------
     0     0     1     1     |     0     0     0     0     '     0     0     1     1     '     1     1     2     0     |     0
     -     -     -     -     -     -     -     -     -     -     -     -     -     -     -     -     -     -     -     -     -
  -1.2  0.25   1.2     0     |     1     0     0     0     '  -1.2  0.25   1.2     0     '  -1.2 -0.25   1.2     0     |   3.8
   2.2 -0.25  -1.2     0     |     0     1     0     0     '   2.2 -0.25  -1.2     0     '   2.2  0.25  -1.2     0     |   1.2
  0.25 -0.25 -0.25     0     |     0     0     1    -1     '  0.25 -0.25 -0.25     0     '  0.25  0.25 -0.25     0     |   1.2
     0     0    -1    -1     |     0     0     0     0     '     0     0    -1    -1     '     0     0    -1     1     |     0


==============================================================================================================================

Tableau sem identidade:

------------------------------------------------------------------------------------------------------------------------------
     0     1     2     3     |     4     5     6     7     |     8     9    10    11     |    12    13    14    15     |    16
------------------------------------------------------------------------------------------------------------------------------
     0     0     1     1     |     0     0     0     0     '     0     0     1     1     '     0     0     0     0     |     0
     -     -     -     -     -     -     -     -     -     -     -     -     -     -     -     -     -     -     -     -     -
  -1.2  0.25   1.2     0     |     1     0     0     0     '  -1.2  0.25   1.2     0     '     0     0     0     0     |   3.8
   2.2 -0.25  -1.2     0     |     0     1     0     0     '   2.2 -0.25  -1.2     0     '     0     0     0     0     |   1.2
  0.25 -0.25 -0.25     0     |     0     0     1    -1     '  0.25 -0.25 -0.25     0     '     0     0     0     0     |   1.2
     0     0    -1    -1     |     0     0     0     0     '     0     0    -1    -1     '     0     0     0     0     |     0


==============================================================================================================================

Tableau com b original:

------------------------------------------------------------------------------------------------------------------------------
     0     1     2     3     |     4     5     6     7     |     8     9    10    11     |    12    13    14    15     |    16
------------------------------------------------------------------------------------------------------------------------------
     0     0     0     0     |     3     4    -5     5     '     0     0     0     0     '     0     0     0     0     |     0
     -     -     -     -     -     -     -     -     -     -     -     -     -     -     -     -     -     -     -     -     -
  -1.2  0.25   1.2     0     |     1     0     0     0     '  -1.2  0.25   1.2     0     '     0     0     0     0     |   3.8
   2.2 -0.25  -1.2     0     |     0     1     0     0     '   2.2 -0.25  -1.2     0     '     0     0     0     0     |   1.2
  0.25 -0.25 -0.25     0     |     0     0     1    -1     '  0.25 -0.25 -0.25     0     '     0     0     0     0     |   1.2
     0     0    -1    -1     |     0     0     0     0     '     0     0    -1    -1     '     0     0     0     0     |     0


==============================================================================================================================

Tableau 0 -> Eliminar 3x6:

------------------------------------------------------------------------------------------------------------------------------
     0     1     2     3     |     4     5     6     7     |     8     9    10    11     |    12    13    14    15     |    16
------------------------------------------------------------------------------------------------------------------------------
   1.2  -1.2  -1.2     0     |     3     4     0     0     '   1.2  -1.2  -1.2     0     '     0     0     0     0     |   6.2
     -     -     -     -     -     -     -     -     -     -     -     -     -     -     -     -     -     -     -     -     -
  -1.2  0.25   1.2     0     |     1     0     0     0     '  -1.2  0.25   1.2     0     '     0     0     0     0     |   3.8
   2.2 -0.25  -1.2     0     |     0     1     0     0     '   2.2 -0.25  -1.2     0     '     0     0     0     0     |   1.2
  0.25 -0.25 -0.25     0     |     0     0     1    -1     '  0.25 -0.25 -0.25     0     '     0     0     0     0     |   1.2
     0     0    -1    -1     |     0     0     0     0     '     0     0    -1    -1     '     0     0     0     0     |     0


==============================================================================================================================

Tableau 1 -> Eliminar 1x9:

------------------------------------------------------------------------------------------------------------------------------
     0     1     2     3     |     4     5     6     7     |     8     9    10    11     |    12    13    14    15     |    16
------------------------------------------------------------------------------------------------------------------------------
    -5     0     5     0     |     8     4     0     0     '    -5     0     5     0     '     0     0     0     0     |    25
     -     -     -     -     -     -     -     -     -     -     -     -     -     -     -     -     -     -     -     -     -
    -5     1     5     0     |     4     0     0     0     '    -5     1     5     0     '     0     0     0     0     |    15
     1     0     0     0     |     1     1     0     0     '     1     0     0     0     '     0     0     0     0     |     5
    -1     0     1     0     |     1     0     1    -1     '    -1     0     1     0     '     0     0     0     0     |     5
     0     0    -1    -1     |     0     0     0     0     '     0     0    -1    -1     '     0     0     0     0     |     0


==============================================================================================================================

Tableau 2 -> Eliminar 2x8:

------------------------------------------------------------------------------------------------------------------------------
     0     1     2     3     |     4     5     6     7     |     8     9    10    11     |    12    13    14    15     |    16
------------------------------------------------------------------------------------------------------------------------------
     0     0     5     0     |    13     9     0     0     '     0     0     5     0     '     0     0     0     0     |    50
     -     -     -     -     -     -     -     -     -     -     -     -     -     -     -     -     -     -     -     -     -
     0     1     5     0     |     9     5     0     0     '     0     1     5     0     '     0     0     0     0     |    40
     1     0     0     0     |     1     1     0     0     '     1     0     0     0     '     0     0     0     0     |     5
     0     0     1     0     |     2     1     1    -1     '     0     0     1     0     '     0     0     0     0     |    10
     0     0    -1    -1     |     0     0     0     0     '     0     0    -1    -1     '     0     0     0     0     |     0


==============================================================================================================================

otima
50
0 0 10 0 
0 0 5 0 
