Tableau inicial:

------------------------------------------------------------------------------------------------------------------------------
     0     1     2     3     |     4     5     6     7     |     8     9    10    11     |    12    13    14    15     |    16
------------------------------------------------------------------------------------------------------------------------------
     0     0     0     0     |     1    -8     4    -2     '     0     0     0     0     '     0     0     0     0     |     0
     -     -     -     -     -     -     -     -     -     -     -     -     -     -     -     -     -     -     -     -     -
     1     0     0     0     |     2     0     1    -1     '     1     0     0     0     '     0     0     0     0     |   -10
     0     1     0     0     |     0    -1    -1    -2     '     0     1     0     0     '     0     0     0     0     |    -3
     0     0     1     0     |    -1    -1     0     1     '     0     0     1     0     '     0     0     0     0     |    -5
     0     0     0     1     |     0    -1     2     2     '     0     0     0     1     '     0     0     0     0     |     6


==============================================================================================================================

Tableau tratado:

------------------------------------------------------------------------------------------------------------------------------
     0     1     2     3     |     4     5     6     7     |     8     9    10    11     |    12    13    14    15     |    16
------------------------------------------------------------------------------------------------------------------------------
     0     0     0     0     |     1    -8     4    -2     '     0     0     0     0     '     0     0     0     0     |     0
     -     -     -     -     -     -     -     -     -     -     -     -     -     -     -     -     -     -     -     -     -
    -1     0     0     0     |    -2     0    -1     1     '    -1     0     0     0     '     0     0     0     0     |    10
     0    -1     0     0     |     0     1     1     2     '     0    -1     0     0     '     0     0     0     0     |     3
     0     0    -1     0     |     1     1     0    -1     '     0     0    -1     0     '     0     0     0     0     |     5
     0     0     0     1     |     0    -1     2     2     '     0     0     0     1     '     0     0     0     0     |     6


==============================================================================================================================

------------
PL Auxiliar:

------------------------------------------------------------------------------------------------------------------------------
     0     1     2     3     |     4     5     6     7     |     8     9    10    11     |    12    13    14    15     |    16
------------------------------------------------------------------------------------------------------------------------------
     0     0     0     0     |     0     0     0     0     '     0     0     0     0     '     1     1     1     1     |     0
     -     -     -     -     -     -     -     -     -     -     -     -     -     -     -     -     -     -     -     -     -
    -1     0     0     0     |    -2     0    -1     1     '    -1     0     0     0     '     1     0     0     0     |    10
     0    -1     0     0     |     0     1     1     2     '     0    -1     0     0     '     0     1     0     0     |     3
     0     0    -1     0     |     1     1     0    -1     '     0     0    -1     0     '     0     0     1     0     |     5
     0     0     0     1     |     0    -1     2     2     '     0     0     0     1     '     0     0     0     1     |     6


==============================================================================================================================


------------------------------------------------------------------------------------------------------------------------------
     0     1     2     3     |     4     5     6     7     |     8     9    10    11     |    12    13    14    15     |    16
------------------------------------------------------------------------------------------------------------------------------
     1     1     1    -1     |     1    -1    -2    -4     '     1     1     1    -1     '     0     0     0     0     |   -24
     -     -     -     -     -     -     -     -     -     -     -     -     -     -     -     -     -     -     -     -     -
    -1     0     0     0     |    -2     0    -1     1     '    -1     0     0     0     '     1     0     0     0     |    10
     0    -1     0     0     |     0     1     1     2     '     0    -1     0     0     '     0     1     0     0     |     3
     0     0    -1     0     |     1     1     0    -1     '     0     0    -1     0     '     0     0     1     0     |     5
     0     0     0     1     |     0    -1     2     2     '     0     0     0     1     '     0     0     0     1     |     6


==============================================================================================================================

Tableau 0 -> Eliminar 2x5:

------------------------------------------------------------------------------------------------------------------------------
     0     1     2     3     |     4     5     6     7     |     8     9    10    11     |    12    13    14    15     |    16
------------------------------------------------------------------------------------------------------------------------------
     1     0     1    -1     |     1     0    -1    -2     '     1     0     1    -1     '     0     1     0     0     |   -21
     -     -     -     -     -     -     -     -     -     -     -     -     -     -     -     -     -     -     -     -     -
    -1     0     0     0     |    -2     0    -1     1     '    -1     0     0     0     '     1     0     0     0     |    10
     0    -1     0     0     |     0     1     1     2     '     0    -1     0     0     '     0     1     0     0     |     3
     0     1    -1     0     |     1     0    -1    -3     '     0     1    -1     0     '     0    -1     1     0     |     2
     0    -1     0     1     |     0     0     3     4     '     0    -1     0     1     '     0     1     0     1     |     9


==============================================================================================================================

Tableau 1 -> Eliminar 2x6:

------------------------------------------------------------------------------------------------------------------------------
     0     1     2     3     |     4     5     6     7     |     8     9    10    11     |    12    13    14    15     |    16
------------------------------------------------------------------------------------------------------------------------------
     1    -1     1    -1     |     1     1     0     0     '     1    -1     1    -1     '     0     2     0     0     |   -18
     -     -     -     -     -     -     -     -     -     -     -     -     -     -     -     -     -     -     -     -     -
    -1    -1     0     0     |    -2     1     0     3     '    -1    -1     0     0     '     1     1     0     0     |    13
     0    -1     0     0     |     0     1     1     2     '     0    -1     0     0     '     0     1     0     0     |     3
     0     0    -1     0     |     1     1     0    -1     '     0     0    -1     0     '     0     0     1     0     |     5
     0     2     0     1     |     0    -3     0    -2     '     0     2     0     1     '     0    -2     0     1     |     0


==============================================================================================================================

Tableau 2 -> Eliminar 4x9:

------------------------------------------------------------------------------------------------------------------------------
     0     1     2     3     |     4     5     6     7     |     8     9    10    11     |    12    13    14    15     |    16
------------------------------------------------------------------------------------------------------------------------------
     1     0     1  -0.5     |     1  -0.5     0    -1     '     1     0     1  -0.5     '     0     1     0   0.5     |   -18
     -     -     -     -     -     -     -     -     -     -     -     -     -     -     -     -     -     -     -     -     -
    -1     0     0   0.5     |    -2  -0.5     0     2     '    -1     0     0   0.5     '     1     0     0   0.5     |    13
     0     0     0   0.5     |     0  -0.5     1     1     '     0     0     0   0.5     '     0     0     0   0.5     |     3
     0     0    -1     0     |     1     1     0    -1     '     0     0    -1     0     '     0     0     1     0     |     5
     0     1     0   0.5     |     0  -1.5     0    -1     '     0     1     0   0.5     '     0    -1     0   0.5     |     0


==============================================================================================================================

Tableau 3 -> Eliminar 3x5:

------------------------------------------------------------------------------------------------------------------------------
     0     1     2     3     |     4     5     6     7     |     8     9    10    11     |    12    13    14    15     |    16
------------------------------------------------------------------------------------------------------------------------------
     1     0   0.5  -0.5     |   1.5     0     0  -1.5     '     1     0   0.5  -0.5     '     0     1   0.5   0.5     |   -16
     -     -     -     -     -     -     -     -     -     -     -     -     -     -     -     -     -     -     -     -     -
    -1     0  -0.5   0.5     |  -1.5     0     0   1.5     '    -1     0  -0.5   0.5     '     1     0   0.5   0.5     |    16
     0     0  -0.5   0.5     |   0.5     0     1   0.5     '     0     0  -0.5   0.5     '     0     0   0.5   0.5     |   5.5
     0     0    -1     0     |     1     1     0    -1     '     0     0    -1     0     '     0     0     1     0     |     5
     0     1  -1.5   0.5     |   1.5     0     0  -2.5     '     0     1  -1.5   0.5     '     0    -1   1.5   0.5     |   7.5


==============================================================================================================================

Tableau 4 -> Eliminar 1x7:

------------------------------------------------------------------------------------------------------------------------------
     0     1     2     3     |     4     5     6     7     |     8     9    10    11     |    12    13    14    15     |    16
------------------------------------------------------------------------------------------------------------------------------
     0     0     0     0     |     0     0     0     0     '     0     0     0     0     '     1     1     1     1     |     0
     -     -     -     -     -     -     -     -     -     -     -     -     -     -     -     -     -     -     -     -     -
 -0.67     0 -0.33  0.33     |    -1     0     0     1     ' -0.67     0 -0.33  0.33     '  0.67     0  0.33  0.33     |    10
  0.33     0 -0.33  0.33     |     1     0     1     0     '  0.33     0 -0.33  0.33     ' -0.33     0  0.33  0.33     |  0.33
 -0.67     0  -1.3  0.33     |     0     1     0     0     ' -0.67     0  -1.3  0.33     '  0.67     0   1.3  0.33     |    15
  -1.7     1  -2.3   1.3     |    -1     0     0     0     '  -1.7     1  -2.3   1.3     '   1.7    -1   2.3   1.3     |    33


==============================================================================================================================

Tableau sem identidade:

------------------------------------------------------------------------------------------------------------------------------
     0     1     2     3     |     4     5     6     7     |     8     9    10    11     |    12    13    14    15     |    16
------------------------------------------------------------------------------------------------------------------------------
     0     0     0     0     |     0     0     0     0     '     0     0     0     0     '     0     0     0     0     |     0
     -     -     -     -     -     -     -     -     -     -     -     -     -     -     -     -     -     -     -     -     -
 -0.67     0 -0.33  0.33     |    -1     0     0     1     ' -0.67     0 -0.33  0.33     '     0     0     0     0     |    10
  0.33     0 -0.33  0.33     |     1     0     1     0     '  0.33     0 -0.33  0.33     '     0     0     0     0     |  0.33
 -0.67     0  -1.3  0.33     |     0     1     0     0     ' -0.67     0  -1.3  0.33     '     0     0     0     0     |    15
  -1.7     1  -2.3   1.3     |    -1     0     0     0     '  -1.7     1  -2.3   1.3     '     0     0     0     0     |    33


==============================================================================================================================

Tableau com b original:

------------------------------------------------------------------------------------------------------------------------------
     0     1     2     3     |     4     5     6     7     |     8     9    10    11     |    12    13    14    15     |    16
------------------------------------------------------------------------------------------------------------------------------
     0     0     0     0     |     1    -8     4    -2     '     0     0     0     0     '     0     0     0     0     |     0
     -     -     -     -     -     -     -     -     -     -     -     -     -     -     -     -     -     -     -     -     -
 -0.67     0 -0.33  0.33     |    -1     0     0     1     ' -0.67     0 -0.33  0.33     '     0     0     0     0     |    10
  0.33     0 -0.33  0.33     |     1     0     1     0     '  0.33     0 -0.33  0.33     '     0     0     0     0     |  0.33
 -0.67     0  -1.3  0.33     |     0     1     0     0     ' -0.67     0  -1.3  0.33     '     0     0     0     0     |    15
  -1.7     1  -2.3   1.3     |    -1     0     0     0     '  -1.7     1  -2.3   1.3     '     0     0     0     0     |    33


==============================================================================================================================

Tableau 0 -> Eliminar 3x5:

------------------------------------------------------------------------------------------------------------------------------
     0     1     2     3     |     4     5     6     7     |     8     9    10    11     |    12    13    14    15     |    16
------------------------------------------------------------------------------------------------------------------------------
  -5.3     0   -11   2.7     |     1     0     4    -2     '  -5.3     0   -11   2.7     '     0     0     0     0     |1.2e+02
     -     -     -     -     -     -     -     -     -     -     -     -     -     -     -     -     -     -     -     -     -
 -0.67     0 -0.33  0.33     |    -1     0     0     1     ' -0.67     0 -0.33  0.33     '     0     0     0     0     |    10
  0.33     0 -0.33  0.33     |     1     0     1     0     '  0.33     0 -0.33  0.33     '     0     0     0     0     |  0.33
 -0.67     0  -1.3  0.33     |     0     1     0     0     ' -0.67     0  -1.3  0.33     '     0     0     0     0     |    15
  -1.7     1  -2.3   1.3     |    -1     0     0     0     '  -1.7     1  -2.3   1.3     '     0     0     0     0     |    33


==============================================================================================================================

Tableau 1 -> Eliminar 1x7:

------------------------------------------------------------------------------------------------------------------------------
     0     1     2     3     |     4     5     6     7     |     8     9    10    11     |    12    13    14    15     |    16
------------------------------------------------------------------------------------------------------------------------------
  -6.7     0   -11   3.3     |    -1     0     4     0     '  -6.7     0   -11   3.3     '     0     0     0     0     |1.4e+02
     -     -     -     -     -     -     -     -     -     -     -     -     -     -     -     -     -     -     -     -     -
 -0.67     0 -0.33  0.33     |    -1     0     0     1     ' -0.67     0 -0.33  0.33     '     0     0     0     0     |    10
  0.33     0 -0.33  0.33     |     1     0     1     0     '  0.33     0 -0.33  0.33     '     0     0     0     0     |  0.33
 -0.67     0  -1.3  0.33     |     0     1     0     0     ' -0.67     0  -1.3  0.33     '     0     0     0     0     |    15
  -1.7     1  -2.3   1.3     |    -1     0     0     0     '  -1.7     1  -2.3   1.3     '     0     0     0     0     |    33


==============================================================================================================================

Tableau 2 -> Eliminar 2x4:

------------------------------------------------------------------------------------------------------------------------------
     0     1     2     3     |     4     5     6     7     |     8     9    10    11     |    12    13    14    15     |    16
------------------------------------------------------------------------------------------------------------------------------
  -6.3     0   -12   3.7     |     0     0     5     0     '  -6.3     0   -12   3.7     '     0     0     0     0     |1.4e+02
     -     -     -     -     -     -     -     -     -     -     -     -     -     -     -     -     -     -     -     -     -
 -0.33     0 -0.67  0.67     |     0     0     1     1     ' -0.33     0 -0.67  0.67     '     0     0     0     0     |    11
  0.33     0 -0.33  0.33     |     1     0     1     0     '  0.33     0 -0.33  0.33     '     0     0     0     0     |  0.33
 -0.67     0  -1.3  0.33     |     0     1     0     0     ' -0.67     0  -1.3  0.33     '     0     0     0     0     |    15
  -1.3     1  -2.7   1.7     |     0     0     1     0     '  -1.3     1  -2.7   1.7     '     0     0     0     0     |    34


==============================================================================================================================

Tableau 3 -> Eliminar 2x8:

------------------------------------------------------------------------------------------------------------------------------
     0     1     2     3     |     4     5     6     7     |     8     9    10    11     |    12    13    14    15     |    16
------------------------------------------------------------------------------------------------------------------------------
     0     0   -18    10     |    19     0    24     0     '     0     0   -18    10     '     0     0     0     0     |1.5e+02
     -     -     -     -     -     -     -     -     -     -     -     -     -     -     -     -     -     -     -     -     -
     0     0    -1     1     |     1     0     2     1     '     0     0    -1     1     '     0     0     0     0     |    11
     1     0    -1     1     |     3     0     3     0     '     1     0    -1     1     '     0     0     0     0     |     1
     0     0    -2     1     |     2     1     2     0     '     0     0    -2     1     '     0     0     0     0     |    16
     0     1    -4     3     |     4     0     5     0     '     0     1    -4     3     '     0     0     0     0     |    35


==============================================================================================================================

ilimitada
0 16 0 11 
0 2 0 1 
