Tableau inicial:

------------------------------------------------------------------------------------------------------------------------------------------------------------------------------------------------------------------------------------------------------
     0     1     2     3     4     5     6     7     8     9     |    10    11    12    13    14    15     |    16    17    18    19    20    21    22    23    24    25     |    26    27    28    29    30    31    32    33    34    35     |    36
------------------------------------------------------------------------------------------------------------------------------------------------------------------------------------------------------------------------------------------------------
     0     0     0     0     0     0     0     0     0     0     |     2     8    -2    -4     9    -6     '     0     0     0     0     0     0     0     0     0     0     '     0     0     0     0     0     0     0     0     0     0     |     0
     -     -     -     -     -     -     -     -     -     -     -     -     -     -     -     -     -     -     -     -     -     -     -     -     -     -     -     -     -     -     -     -     -     -     -     -     -     -     -     -     -
     1     0     0     0     0     0     0     0     0     0     |    -2     0    -2    -1     1     1     '     1     0     0     0     0     0     0     0     0     0     '     0     0     0     0     0     0     0     0     0     0     |     5
     0     1     0     0     0     0     0     0     0     0     |     0     0     1    -1     1    -2     '     0     1     0     0     0     0     0     0     0     0     '     0     0     0     0     0     0     0     0     0     0     |    -1
     0     0     1     0     0     0     0     0     0     0     |    -2    -1    -2    -2     2     2     '     0     0     1     0     0     0     0     0     0     0     '     0     0     0     0     0     0     0     0     0     0     |    -1
     0     0     0     1     0     0     0     0     0     0     |     0     2     1    -2    -1     2     '     0     0     0     1     0     0     0     0     0     0     '     0     0     0     0     0     0     0     0     0     0     |     1
     0     0     0     0     1     0     0     0     0     0     |     2     0     2    -1     2     1     '     0     0     0     0     1     0     0     0     0     0     '     0     0     0     0     0     0     0     0     0     0     |     4
     0     0     0     0     0     1     0     0     0     0     |     1     2     1     0     0     0     '     0     0     0     0     0     1     0     0     0     0     '     0     0     0     0     0     0     0     0     0     0     |    -4
     0     0     0     0     0     0     1     0     0     0     |     0     2     2     1     1    -2     '     0     0     0     0     0     0     1     0     0     0     '     0     0     0     0     0     0     0     0     0     0     |     8
     0     0     0     0     0     0     0     1     0     0     |     1     2    -2     0    -2     0     '     0     0     0     0     0     0     0     1     0     0     '     0     0     0     0     0     0     0     0     0     0     |   -10
     0     0     0     0     0     0     0     0     1     0     |    -1     0    -2     1     0     1     '     0     0     0     0     0     0     0     0     1     0     '     0     0     0     0     0     0     0     0     0     0     |     7
     0     0     0     0     0     0     0     0     0     1     |     2     1     2    -1    -1    -2     '     0     0     0     0     0     0     0     0     0     1     '     0     0     0     0     0     0     0     0     0     0     |     0


======================================================================================================================================================================================================================================================

Tableau tratado:

------------------------------------------------------------------------------------------------------------------------------------------------------------------------------------------------------------------------------------------------------
     0     1     2     3     4     5     6     7     8     9     |    10    11    12    13    14    15     |    16    17    18    19    20    21    22    23    24    25     |    26    27    28    29    30    31    32    33    34    35     |    36
------------------------------------------------------------------------------------------------------------------------------------------------------------------------------------------------------------------------------------------------------
     0     0     0     0     0     0     0     0     0     0     |     2     8    -2    -4     9    -6     '     0     0     0     0     0     0     0     0     0     0     '     0     0     0     0     0     0     0     0     0     0     |     0
     -     -     -     -     -     -     -     -     -     -     -     -     -     -     -     -     -     -     -     -     -     -     -     -     -     -     -     -     -     -     -     -     -     -     -     -     -     -     -     -     -
     1     0     0     0     0     0     0     0     0     0     |    -2     0    -2    -1     1     1     '     1     0     0     0     0     0     0     0     0     0     '     0     0     0     0     0     0     0     0     0     0     |     5
     0    -1     0     0     0     0     0     0     0     0     |     0     0    -1     1    -1     2     '     0    -1     0     0     0     0     0     0     0     0     '     0     0     0     0     0     0     0     0     0     0     |     1
     0     0    -1     0     0     0     0     0     0     0     |     2     1     2     2    -2    -2     '     0     0    -1     0     0     0     0     0     0     0     '     0     0     0     0     0     0     0     0     0     0     |     1
     0     0     0     1     0     0     0     0     0     0     |     0     2     1    -2    -1     2     '     0     0     0     1     0     0     0     0     0     0     '     0     0     0     0     0     0     0     0     0     0     |     1
     0     0     0     0     1     0     0     0     0     0     |     2     0     2    -1     2     1     '     0     0     0     0     1     0     0     0     0     0     '     0     0     0     0     0     0     0     0     0     0     |     4
     0     0     0     0     0    -1     0     0     0     0     |    -1    -2    -1     0     0     0     '     0     0     0     0     0    -1     0     0     0     0     '     0     0     0     0     0     0     0     0     0     0     |     4
     0     0     0     0     0     0     1     0     0     0     |     0     2     2     1     1    -2     '     0     0     0     0     0     0     1     0     0     0     '     0     0     0     0     0     0     0     0     0     0     |     8
     0     0     0     0     0     0     0    -1     0     0     |    -1    -2     2     0     2     0     '     0     0     0     0     0     0     0    -1     0     0     '     0     0     0     0     0     0     0     0     0     0     |    10
     0     0     0     0     0     0     0     0     1     0     |    -1     0    -2     1     0     1     '     0     0     0     0     0     0     0     0     1     0     '     0     0     0     0     0     0     0     0     0     0     |     7
     0     0     0     0     0     0     0     0     0     1     |     2     1     2    -1    -1    -2     '     0     0     0     0     0     0     0     0     0     1     '     0     0     0     0     0     0     0     0     0     0     |     0


======================================================================================================================================================================================================================================================

------------
PL Auxiliar:

------------------------------------------------------------------------------------------------------------------------------------------------------------------------------------------------------------------------------------------------------
     0     1     2     3     4     5     6     7     8     9     |    10    11    12    13    14    15     |    16    17    18    19    20    21    22    23    24    25     |    26    27    28    29    30    31    32    33    34    35     |    36
------------------------------------------------------------------------------------------------------------------------------------------------------------------------------------------------------------------------------------------------------
     0     0     0     0     0     0     0     0     0     0     |     0     0     0     0     0     0     '     0     0     0     0     0     0     0     0     0     0     '     1     1     1     1     1     1     1     1     1     1     |     0
     -     -     -     -     -     -     -     -     -     -     -     -     -     -     -     -     -     -     -     -     -     -     -     -     -     -     -     -     -     -     -     -     -     -     -     -     -     -     -     -     -
     1     0     0     0     0     0     0     0     0     0     |    -2     0    -2    -1     1     1     '     1     0     0     0     0     0     0     0     0     0     '     1     0     0     0     0     0     0     0     0     0     |     5
     0    -1     0     0     0     0     0     0     0     0     |     0     0    -1     1    -1     2     '     0    -1     0     0     0     0     0     0     0     0     '     0     1     0     0     0     0     0     0     0     0     |     1
     0     0    -1     0     0     0     0     0     0     0     |     2     1     2     2    -2    -2     '     0     0    -1     0     0     0     0     0     0     0     '     0     0     1     0     0     0     0     0     0     0     |     1
     0     0     0     1     0     0     0     0     0     0     |     0     2     1    -2    -1     2     '     0     0     0     1     0     0     0     0     0     0     '     0     0     0     1     0     0     0     0     0     0     |     1
     0     0     0     0     1     0     0     0     0     0     |     2     0     2    -1     2     1     '     0     0     0     0     1     0     0     0     0     0     '     0     0     0     0     1     0     0     0     0     0     |     4
     0     0     0     0     0    -1     0     0     0     0     |    -1    -2    -1     0     0     0     '     0     0     0     0     0    -1     0     0     0     0     '     0     0     0     0     0     1     0     0     0     0     |     4
     0     0     0     0     0     0     1     0     0     0     |     0     2     2     1     1    -2     '     0     0     0     0     0     0     1     0     0     0     '     0     0     0     0     0     0     1     0     0     0     |     8
     0     0     0     0     0     0     0    -1     0     0     |    -1    -2     2     0     2     0     '     0     0     0     0     0     0     0    -1     0     0     '     0     0     0     0     0     0     0     1     0     0     |    10
     0     0     0     0     0     0     0     0     1     0     |    -1     0    -2     1     0     1     '     0     0     0     0     0     0     0     0     1     0     '     0     0     0     0     0     0     0     0     1     0     |     7
     0     0     0     0     0     0     0     0     0     1     |     2     1     2    -1    -1    -2     '     0     0     0     0     0     0     0     0     0     1     '     0     0     0     0     0     0     0     0     0     1     |     0


======================================================================================================================================================================================================================================================


------------------------------------------------------------------------------------------------------------------------------------------------------------------------------------------------------------------------------------------------------
     0     1     2     3     4     5     6     7     8     9     |    10    11    12    13    14    15     |    16    17    18    19    20    21    22    23    24    25     |    26    27    28    29    30    31    32    33    34    35     |    36
------------------------------------------------------------------------------------------------------------------------------------------------------------------------------------------------------------------------------------------------------
    -1     1     1    -1    -1     1    -1     1    -1    -1     |    -1    -2    -5     0    -1    -1     '    -1     1     1    -1    -1     1    -1     1    -1    -1     '     0     0     0     0     0     0     0     0     0     0     |   -41
     -     -     -     -     -     -     -     -     -     -     -     -     -     -     -     -     -     -     -     -     -     -     -     -     -     -     -     -     -     -     -     -     -     -     -     -     -     -     -     -     -
     1     0     0     0     0     0     0     0     0     0     |    -2     0    -2    -1     1     1     '     1     0     0     0     0     0     0     0     0     0     '     1     0     0     0     0     0     0     0     0     0     |     5
     0    -1     0     0     0     0     0     0     0     0     |     0     0    -1     1    -1     2     '     0    -1     0     0     0     0     0     0     0     0     '     0     1     0     0     0     0     0     0     0     0     |     1
     0     0    -1     0     0     0     0     0     0     0     |     2     1     2     2    -2    -2     '     0     0    -1     0     0     0     0     0     0     0     '     0     0     1     0     0     0     0     0     0     0     |     1
     0     0     0     1     0     0     0     0     0     0     |     0     2     1    -2    -1     2     '     0     0     0     1     0     0     0     0     0     0     '     0     0     0     1     0     0     0     0     0     0     |     1
     0     0     0     0     1     0     0     0     0     0     |     2     0     2    -1     2     1     '     0     0     0     0     1     0     0     0     0     0     '     0     0     0     0     1     0     0     0     0     0     |     4
     0     0     0     0     0    -1     0     0     0     0     |    -1    -2    -1     0     0     0     '     0     0     0     0     0    -1     0     0     0     0     '     0     0     0     0     0     1     0     0     0     0     |     4
     0     0     0     0     0     0     1     0     0     0     |     0     2     2     1     1    -2     '     0     0     0     0     0     0     1     0     0     0     '     0     0     0     0     0     0     1     0     0     0     |     8
     0     0     0     0     0     0     0    -1     0     0     |    -1    -2     2     0     2     0     '     0     0     0     0     0     0     0    -1     0     0     '     0     0     0     0     0     0     0     1     0     0     |    10
     0     0     0     0     0     0     0     0     1     0     |    -1     0    -2     1     0     1     '     0     0     0     0     0     0     0     0     1     0     '     0     0     0     0     0     0     0     0     1     0     |     7
     0     0     0     0     0     0     0     0     0     1     |     2     1     2    -1    -1    -2     '     0     0     0     0     0     0     0     0     0     1     '     0     0     0     0     0     0     0     0     0     1     |     0


======================================================================================================================================================================================================================================================

Tableau 0 -> Eliminar 10x10:

------------------------------------------------------------------------------------------------------------------------------------------------------------------------------------------------------------------------------------------------------
     0     1     2     3     4     5     6     7     8     9     |    10    11    12    13    14    15     |    16    17    18    19    20    21    22    23    24    25     |    26    27    28    29    30    31    32    33    34    35     |    36
------------------------------------------------------------------------------------------------------------------------------------------------------------------------------------------------------------------------------------------------------
    -1     1     1    -1    -1     1    -1     1    -1  -0.5     |     0  -1.5    -4  -0.5  -1.5    -2     '    -1     1     1    -1    -1     1    -1     1    -1  -0.5     '     0     0     0     0     0     0     0     0     0   0.5     |   -41
     -     -     -     -     -     -     -     -     -     -     -     -     -     -     -     -     -     -     -     -     -     -     -     -     -     -     -     -     -     -     -     -     -     -     -     -     -     -     -     -     -
     1     0     0     0     0     0     0     0     0     1     |     0     1     0    -2     0    -1     '     1     0     0     0     0     0     0     0     0     1     '     1     0     0     0     0     0     0     0     0     1     |     5
     0    -1     0     0     0     0     0     0     0     0     |     0     0    -1     1    -1     2     '     0    -1     0     0     0     0     0     0     0     0     '     0     1     0     0     0     0     0     0     0     0     |     1
     0     0    -1     0     0     0     0     0     0    -1     |     0     0     0     3    -1     0     '     0     0    -1     0     0     0     0     0     0    -1     '     0     0     1     0     0     0     0     0     0    -1     |     1
     0     0     0     1     0     0     0     0     0     0     |     0     2     1    -2    -1     2     '     0     0     0     1     0     0     0     0     0     0     '     0     0     0     1     0     0     0     0     0     0     |     1
     0     0     0     0     1     0     0     0     0    -1     |     0    -1     0     0     3     3     '     0     0     0     0     1     0     0     0     0    -1     '     0     0     0     0     1     0     0     0     0    -1     |     4
     0     0     0     0     0    -1     0     0     0   0.5     |     0  -1.5     0  -0.5  -0.5    -1     '     0     0     0     0     0    -1     0     0     0   0.5     '     0     0     0     0     0     1     0     0     0   0.5     |     4
     0     0     0     0     0     0     1     0     0     0     |     0     2     2     1     1    -2     '     0     0     0     0     0     0     1     0     0     0     '     0     0     0     0     0     0     1     0     0     0     |     8
     0     0     0     0     0     0     0    -1     0   0.5     |     0  -1.5     3  -0.5   1.5    -1     '     0     0     0     0     0     0     0    -1     0   0.5     '     0     0     0     0     0     0     0     1     0   0.5     |    10
     0     0     0     0     0     0     0     0     1   0.5     |     0   0.5    -1   0.5  -0.5     0     '     0     0     0     0     0     0     0     0     1   0.5     '     0     0     0     0     0     0     0     0     1   0.5     |     7
     0     0     0     0     0     0     0     0     0   0.5     |     1   0.5     1  -0.5  -0.5    -1     '     0     0     0     0     0     0     0     0     0   0.5     '     0     0     0     0     0     0     0     0     0   0.5     |     0


======================================================================================================================================================================================================================================================

Tableau 1 -> Eliminar 10x11:

------------------------------------------------------------------------------------------------------------------------------------------------------------------------------------------------------------------------------------------------------
     0     1     2     3     4     5     6     7     8     9     |    10    11    12    13    14    15     |    16    17    18    19    20    21    22    23    24    25     |    26    27    28    29    30    31    32    33    34    35     |    36
------------------------------------------------------------------------------------------------------------------------------------------------------------------------------------------------------------------------------------------------------
    -1     1     1    -1    -1     1    -1     1    -1     1     |     3     0    -1    -2    -3    -5     '    -1     1     1    -1    -1     1    -1     1    -1     1     '     0     0     0     0     0     0     0     0     0     2     |   -41
     -     -     -     -     -     -     -     -     -     -     -     -     -     -     -     -     -     -     -     -     -     -     -     -     -     -     -     -     -     -     -     -     -     -     -     -     -     -     -     -     -
     1     0     0     0     0     0     0     0     0     0     |    -2     0    -2    -1     1     1     '     1     0     0     0     0     0     0     0     0     0     '     1     0     0     0     0     0     0     0     0     0     |     5
     0    -1     0     0     0     0     0     0     0     0     |     0     0    -1     1    -1     2     '     0    -1     0     0     0     0     0     0     0     0     '     0     1     0     0     0     0     0     0     0     0     |     1
     0     0    -1     0     0     0     0     0     0    -1     |     0     0     0     3    -1     0     '     0     0    -1     0     0     0     0     0     0    -1     '     0     0     1     0     0     0     0     0     0    -1     |     1
     0     0     0     1     0     0     0     0     0    -2     |    -4     0    -3     0     1     6     '     0     0     0     1     0     0     0     0     0    -2     '     0     0     0     1     0     0     0     0     0    -2     |     1
     0     0     0     0     1     0     0     0     0     0     |     2     0     2    -1     2     1     '     0     0     0     0     1     0     0     0     0     0     '     0     0     0     0     1     0     0     0     0     0     |     4
     0     0     0     0     0    -1     0     0     0     2     |     3     0     3    -2    -2    -4     '     0     0     0     0     0    -1     0     0     0     2     '     0     0     0     0     0     1     0     0     0     2     |     4
     0     0     0     0     0     0     1     0     0    -2     |    -4     0    -2     3     3     2     '     0     0     0     0     0     0     1     0     0    -2     '     0     0     0     0     0     0     1     0     0    -2     |     8
     0     0     0     0     0     0     0    -1     0     2     |     3     0     6    -2     0    -4     '     0     0     0     0     0     0     0    -1     0     2     '     0     0     0     0     0     0     0     1     0     2     |    10
     0     0     0     0     0     0     0     0     1     0     |    -1     0    -2     1     0     1     '     0     0     0     0     0     0     0     0     1     0     '     0     0     0     0     0     0     0     0     1     0     |     7
     0     0     0     0     0     0     0     0     0     1     |     2     1     2    -1    -1    -2     '     0     0     0     0     0     0     0     0     0     1     '     0     0     0     0     0     0     0     0     0     1     |     0


======================================================================================================================================================================================================================================================

Tableau 2 -> Eliminar 10x12:

------------------------------------------------------------------------------------------------------------------------------------------------------------------------------------------------------------------------------------------------------
     0     1     2     3     4     5     6     7     8     9     |    10    11    12    13    14    15     |    16    17    18    19    20    21    22    23    24    25     |    26    27    28    29    30    31    32    33    34    35     |    36
------------------------------------------------------------------------------------------------------------------------------------------------------------------------------------------------------------------------------------------------------
    -1     1     1    -1    -1     1    -1     1    -1   1.5     |     4   0.5     0  -2.5  -3.5    -6     '    -1     1     1    -1    -1     1    -1     1    -1   1.5     '     0     0     0     0     0     0     0     0     0   2.5     |   -41
     -     -     -     -     -     -     -     -     -     -     -     -     -     -     -     -     -     -     -     -     -     -     -     -     -     -     -     -     -     -     -     -     -     -     -     -     -     -     -     -     -
     1     0     0     0     0     0     0     0     0     1     |     0     1     0    -2     0    -1     '     1     0     0     0     0     0     0     0     0     1     '     1     0     0     0     0     0     0     0     0     1     |     5
     0    -1     0     0     0     0     0     0     0   0.5     |     1   0.5     0   0.5  -1.5     1     '     0    -1     0     0     0     0     0     0     0   0.5     '     0     1     0     0     0     0     0     0     0   0.5     |     1
     0     0    -1     0     0     0     0     0     0    -1     |     0     0     0     3    -1     0     '     0     0    -1     0     0     0     0     0     0    -1     '     0     0     1     0     0     0     0     0     0    -1     |     1
     0     0     0     1     0     0     0     0     0  -0.5     |    -1   1.5     0  -1.5  -0.5     3     '     0     0     0     1     0     0     0     0     0  -0.5     '     0     0     0     1     0     0     0     0     0  -0.5     |     1
     0     0     0     0     1     0     0     0     0    -1     |     0    -1     0     0     3     3     '     0     0     0     0     1     0     0     0     0    -1     '     0     0     0     0     1     0     0     0     0    -1     |     4
     0     0     0     0     0    -1     0     0     0   0.5     |     0  -1.5     0  -0.5  -0.5    -1     '     0     0     0     0     0    -1     0     0     0   0.5     '     0     0     0     0     0     1     0     0     0   0.5     |     4
     0     0     0     0     0     0     1     0     0    -1     |    -2     1     0     2     2     0     '     0     0     0     0     0     0     1     0     0    -1     '     0     0     0     0     0     0     1     0     0    -1     |     8
     0     0     0     0     0     0     0    -1     0    -1     |    -3    -3     0     1     3     2     '     0     0     0     0     0     0     0    -1     0    -1     '     0     0     0     0     0     0     0     1     0    -1     |    10
     0     0     0     0     0     0     0     0     1     1     |     1     1     0     0    -1    -1     '     0     0     0     0     0     0     0     0     1     1     '     0     0     0     0     0     0     0     0     1     1     |     7
     0     0     0     0     0     0     0     0     0   0.5     |     1   0.5     1  -0.5  -0.5    -1     '     0     0     0     0     0     0     0     0     0   0.5     '     0     0     0     0     0     0     0     0     0   0.5     |     0


======================================================================================================================================================================================================================================================

Tableau 3 -> Eliminar 3x13:

------------------------------------------------------------------------------------------------------------------------------------------------------------------------------------------------------------------------------------------------------
     0     1     2     3     4     5     6     7     8     9     |    10    11    12    13    14    15     |    16    17    18    19    20    21    22    23    24    25     |    26    27    28    29    30    31    32    33    34    35     |    36
------------------------------------------------------------------------------------------------------------------------------------------------------------------------------------------------------------------------------------------------------
    -1     1  0.17    -1    -1     1    -1     1    -1  0.67     |     4   0.5     0     0  -4.3    -6     '    -1     1  0.17    -1    -1     1    -1     1    -1  0.67     '     0     0  0.83     0     0     0     0     0     0   1.7     |   -40
     -     -     -     -     -     -     -     -     -     -     -     -     -     -     -     -     -     -     -     -     -     -     -     -     -     -     -     -     -     -     -     -     -     -     -     -     -     -     -     -     -
     1     0 -0.67     0     0     0     0     0     0  0.33     |     0     1     0     0 -0.67    -1     '     1     0 -0.67     0     0     0     0     0     0  0.33     '     1     0  0.67     0     0     0     0     0     0  0.33     |   5.7
     0    -1  0.17     0     0     0     0     0     0  0.67     |     1   0.5     0     0  -1.3     1     '     0    -1  0.17     0     0     0     0     0     0  0.67     '     0     1 -0.17     0     0     0     0     0     0  0.67     |  0.83
     0     0 -0.33     0     0     0     0     0     0 -0.33     |     0     0     0     1 -0.33     0     '     0     0 -0.33     0     0     0     0     0     0 -0.33     '     0     0  0.33     0     0     0     0     0     0 -0.33     |  0.33
     0     0  -0.5     1     0     0     0     0     0    -1     |    -1   1.5     0     0    -1     3     '     0     0  -0.5     1     0     0     0     0     0    -1     '     0     0   0.5     1     0     0     0     0     0    -1     |   1.5
     0     0     0     0     1     0     0     0     0    -1     |     0    -1     0     0     3     3     '     0     0     0     0     1     0     0     0     0    -1     '     0     0     0     0     1     0     0     0     0    -1     |     4
     0     0 -0.17     0     0    -1     0     0     0  0.33     |     0  -1.5     0     0 -0.67    -1     '     0     0 -0.17     0     0    -1     0     0     0  0.33     '     0     0  0.17     0     0     1     0     0     0  0.33     |   4.2
     0     0  0.67     0     0     0     1     0     0 -0.33     |    -2     1     0     0   2.7     0     '     0     0  0.67     0     0     0     1     0     0 -0.33     '     0     0 -0.67     0     0     0     1     0     0 -0.33     |   7.3
     0     0  0.33     0     0     0     0    -1     0 -0.67     |    -3    -3     0     0   3.3     2     '     0     0  0.33     0     0     0     0    -1     0 -0.67     '     0     0 -0.33     0     0     0     0     1     0 -0.67     |   9.7
     0     0     0     0     0     0     0     0     1     1     |     1     1     0     0    -1    -1     '     0     0     0     0     0     0     0     0     1     1     '     0     0     0     0     0     0     0     0     1     1     |     7
     0     0 -0.17     0     0     0     0     0     0  0.33     |     1   0.5     1     0 -0.67    -1     '     0     0 -0.17     0     0     0     0     0     0  0.33     '     0     0  0.17     0     0     0     0     0     0  0.33     |  0.17


======================================================================================================================================================================================================================================================

Tableau 4 -> Eliminar 5x14:

------------------------------------------------------------------------------------------------------------------------------------------------------------------------------------------------------------------------------------------------------
     0     1     2     3     4     5     6     7     8     9     |    10    11    12    13    14    15     |    16    17    18    19    20    21    22    23    24    25     |    26    27    28    29    30    31    32    33    34    35     |    36
------------------------------------------------------------------------------------------------------------------------------------------------------------------------------------------------------------------------------------------------------
    -1     1  0.17    -1  0.44     1    -1     1    -1 -0.78     |     4 -0.94     0     0     0  -1.7     '    -1     1  0.17    -1  0.44     1    -1     1    -1 -0.78     '     0     0  0.83     0   1.4     0     0     0     0  0.22     |   -34
     -     -     -     -     -     -     -     -     -     -     -     -     -     -     -     -     -     -     -     -     -     -     -     -     -     -     -     -     -     -     -     -     -     -     -     -     -     -     -     -     -
     1     0 -0.67     0  0.22     0     0     0     0  0.11     |     0  0.78     0     0     0 -0.33     '     1     0 -0.67     0  0.22     0     0     0     0  0.11     '     1     0  0.67     0  0.22     0     0     0     0  0.11     |   6.6
     0    -1  0.17     0  0.44     0     0     0     0  0.22     |     1 0.056     0     0     0   2.3     '     0    -1  0.17     0  0.44     0     0     0     0  0.22     '     0     1 -0.17     0  0.44     0     0     0     0  0.22     |   2.6
     0     0 -0.33     0  0.11     0     0     0     0 -0.44     |     0 -0.11     0     1     0  0.33     '     0     0 -0.33     0  0.11     0     0     0     0 -0.44     '     0     0  0.33     0  0.11     0     0     0     0 -0.44     |  0.78
     0     0  -0.5     1  0.33     0     0     0     0  -1.3     |    -1   1.2     0     0     0     4     '     0     0  -0.5     1  0.33     0     0     0     0  -1.3     '     0     0   0.5     1  0.33     0     0     0     0  -1.3     |   2.8
     0     0     0     0  0.33     0     0     0     0 -0.33     |     0 -0.33     0     0     1     1     '     0     0     0     0  0.33     0     0     0     0 -0.33     '     0     0     0     0  0.33     0     0     0     0 -0.33     |   1.3
     0     0 -0.17     0  0.22    -1     0     0     0  0.11     |     0  -1.7     0     0     0 -0.33     '     0     0 -0.17     0  0.22    -1     0     0     0  0.11     '     0     0  0.17     0  0.22     1     0     0     0  0.11     |   5.1
     0     0  0.67     0 -0.89     0     1     0     0  0.56     |    -2   1.9     0     0     0  -2.7     '     0     0  0.67     0 -0.89     0     1     0     0  0.56     '     0     0 -0.67     0 -0.89     0     1     0     0  0.56     |   3.8
     0     0  0.33     0  -1.1     0     0    -1     0  0.44     |    -3  -1.9     0     0     0  -1.3     '     0     0  0.33     0  -1.1     0     0    -1     0  0.44     '     0     0 -0.33     0  -1.1     0     0     1     0  0.44     |   5.2
     0     0     0     0  0.33     0     0     0     1  0.67     |     1  0.67     0     0     0     0     '     0     0     0     0  0.33     0     0     0     1  0.67     '     0     0     0     0  0.33     0     0     0     1  0.67     |   8.3
     0     0 -0.17     0  0.22     0     0     0     0  0.11     |     1  0.28     1     0     0 -0.33     '     0     0 -0.17     0  0.22     0     0     0     0  0.11     '     0     0  0.17     0  0.22     0     0     0     0  0.11     |   1.1


======================================================================================================================================================================================================================================================

Tableau 5 -> Eliminar 7x11:

------------------------------------------------------------------------------------------------------------------------------------------------------------------------------------------------------------------------------------------------------
     0     1     2     3     4     5     6     7     8     9     |    10    11    12    13    14    15     |    16    17    18    19    20    21    22    23    24    25     |    26    27    28    29    30    31    32    33    34    35     |    36
------------------------------------------------------------------------------------------------------------------------------------------------------------------------------------------------------------------------------------------------------
    -1     1   0.5    -1     0     1  -0.5     1    -1  -0.5     |     3     0     0     0     0    -3     '    -1     1   0.5    -1     0     1  -0.5     1    -1  -0.5     '     0     0   0.5     0     1     0   0.5     0     0   0.5     |   -32
     -     -     -     -     -     -     -     -     -     -     -     -     -     -     -     -     -     -     -     -     -     -     -     -     -     -     -     -     -     -     -     -     -     -     -     -     -     -     -     -     -
     1     0 -0.94     0  0.59     0 -0.41     0     0 -0.12     |  0.82     0     0     0     0  0.76     '     1     0 -0.94     0  0.59     0 -0.41     0     0 -0.12     '     1     0  0.94     0  0.59     0 -0.41     0     0 -0.12     |     5
     0    -1  0.15     0  0.47     0-0.029     0     0  0.21     |   1.1     0     0     0     0   2.4     '     0    -1  0.15     0  0.47     0-0.029     0     0  0.21     '     0     1 -0.15     0  0.47     0-0.029     0     0  0.21     |   2.5
     0     0 -0.29     0 0.059     0 0.059     0     0 -0.41     | -0.12     0     0     1     0  0.18     '     0     0 -0.29     0 0.059     0 0.059     0     0 -0.41     '     0     0  0.29     0 0.059     0 0.059     0     0 -0.41     |     1
     0     0 -0.91     1  0.88     0 -0.62     0     0  -1.7     |  0.24     0     0     0     0   5.6     '     0     0 -0.91     1  0.88     0 -0.62     0     0  -1.7     '     0     0  0.91     1  0.88     0 -0.62     0     0  -1.7     |   0.5
     0     0  0.12     0  0.18     0  0.18     0     0 -0.24     | -0.35     0     0     0     1  0.53     '     0     0  0.12     0  0.18     0  0.18     0     0 -0.24     '     0     0 -0.12     0  0.18     0  0.18     0     0 -0.24     |     2
     0     0  0.44     0 -0.59    -1  0.91     0     0  0.62     |  -1.8     0     0     0     0  -2.8     '     0     0  0.44     0 -0.59    -1  0.91     0     0  0.62     '     0     0 -0.44     0 -0.59     1  0.91     0     0  0.62     |   8.5
     0     0  0.35     0 -0.47     0  0.53     0     0  0.29     |  -1.1     1     0     0     0  -1.4     '     0     0  0.35     0 -0.47     0  0.53     0     0  0.29     '     0     0 -0.35     0 -0.47     0  0.53     0     0  0.29     |     2
     0     0     1     0    -2     0     1    -1     0     1     |    -5     0     0     0     0    -4     '     0     0     1     0    -2     0     1    -1     0     1     '     0     0    -1     0    -2     0     1     1     0     1     |     9
     0     0 -0.24     0  0.65     0 -0.35     0     1  0.47     |   1.7     0     0     0     0  0.94     '     0     0 -0.24     0  0.65     0 -0.35     0     1  0.47     '     0     0  0.24     0  0.65     0 -0.35     0     1  0.47     |     7
     0     0 -0.26     0  0.35     0 -0.15     0     0 0.029     |   1.3     0     1     0     0 0.059     '     0     0 -0.26     0  0.35     0 -0.15     0     0 0.029     '     0     0  0.26     0  0.35     0 -0.15     0     0 0.029     |   0.5


======================================================================================================================================================================================================================================================

Tableau 6 -> Eliminar 4x15:

------------------------------------------------------------------------------------------------------------------------------------------------------------------------------------------------------------------------------------------------------
     0     1     2     3     4     5     6     7     8     9     |    10    11    12    13    14    15     |    16    17    18    19    20    21    22    23    24    25     |    26    27    28    29    30    31    32    33    34    35     |    36
------------------------------------------------------------------------------------------------------------------------------------------------------------------------------------------------------------------------------------------------------
    -1     1 0.016 -0.47  0.47     1 -0.83     1    -1  -1.4     |   3.1     0     0     0     0     0     '    -1     1 0.016 -0.47  0.47     1 -0.83     1    -1  -1.4     '     0     0  0.98  0.53   1.5     0  0.17     0     0 -0.39     |   -32
     -     -     -     -     -     -     -     -     -     -     -     -     -     -     -     -     -     -     -     -     -     -     -     -     -     -     -     -     -     -     -     -     -     -     -     -     -     -     -     -     -
     1     0 -0.82 -0.14  0.47     0 -0.33     0     0  0.11     |  0.79     0     0     0     0     0     '     1     0 -0.82 -0.14  0.47     0 -0.33     0     0  0.11     '     1     0  0.82 -0.14  0.47     0 -0.33     0     0  0.11     |   4.9
     0    -1  0.54 -0.43 0.094     0  0.23     0     0  0.92     |  0.96     0     0     0     0     0     '     0    -1  0.54 -0.43 0.094     0  0.23     0     0  0.92     '     0     1 -0.54 -0.43 0.094     0  0.23     0     0  0.92     |   2.3
     0     0 -0.27-0.031 0.031     0 0.078     0     0 -0.36     | -0.12     0     0     1     0     0     '     0     0 -0.27-0.031 0.031     0 0.078     0     0 -0.36     '     0     0  0.27-0.031 0.031     0 0.078     0     0 -0.36     |  0.98
     0     0 -0.16  0.18  0.16     0 -0.11     0     0  -0.3     | 0.042     0     0     0     0     1     '     0     0 -0.16  0.18  0.16     0 -0.11     0     0  -0.3     '     0     0  0.16  0.18  0.16     0 -0.11     0     0  -0.3     | 0.089
     0     0   0.2-0.094 0.094     0  0.23     0     0-0.078     | -0.37     0     0     0     1     0     '     0     0   0.2-0.094 0.094     0  0.23     0     0-0.078     '     0     0  -0.2-0.094 0.094     0  0.23     0     0-0.078     |     2
     0     0-0.0052  0.49 -0.16    -1  0.61     0     0  -0.2     |  -1.7     0     0     0     0     0     '     0     0-0.0052  0.49 -0.16    -1  0.61     0     0  -0.2     '     0     00.0052  0.49 -0.16     1  0.61     0     0  -0.2     |   8.7
     0     0  0.13  0.25 -0.25     0  0.38     0     0 -0.12     |    -1     1     0     0     0     0     '     0     0  0.13  0.25 -0.25     0  0.38     0     0 -0.12     '     0     0 -0.13  0.25 -0.25     0  0.38     0     0 -0.12     |   2.1
     0     0  0.35  0.71  -1.4     0  0.56    -1     0 -0.19     |  -4.8     0     0     0     0     0     '     0     0  0.35  0.71  -1.4     0  0.56    -1     0 -0.19     '     0     0 -0.35  0.71  -1.4     0  0.56     1     0 -0.19     |   9.4
     0     0-0.083 -0.17   0.5     0 -0.25     0     1  0.75     |   1.7     0     0     0     0     0     '     0     0-0.083 -0.17   0.5     0 -0.25     0     1  0.75     '     0     0 0.083 -0.17   0.5     0 -0.25     0     1  0.75     |   6.9
     0     0 -0.26 -0.01  0.34     0 -0.14     0     0 0.047     |   1.3     0     1     0     0     0     '     0     0 -0.26 -0.01  0.34     0 -0.14     0     0 0.047     '     0     0  0.26 -0.01  0.34     0 -0.14     0     0 0.047     |  0.49


======================================================================================================================================================================================================================================================

Tableau 7 -> Eliminar 1x16:

------------------------------------------------------------------------------------------------------------------------------------------------------------------------------------------------------------------------------------------------------
     0     1     2     3     4     5     6     7     8     9     |    10    11    12    13    14    15     |    16    17    18    19    20    21    22    23    24    25     |    26    27    28    29    30    31    32    33    34    35     |    36
------------------------------------------------------------------------------------------------------------------------------------------------------------------------------------------------------------------------------------------------------
     0     1  -0.8  -0.6  0.94     1  -1.2     1    -1  -1.3     |   3.9     0     0     0     0     0     '     0     1  -0.8  -0.6  0.94     1  -1.2     1    -1  -1.3     '     1     0   1.8   0.4   1.9     0 -0.16     0     0 -0.28     |   -27
     -     -     -     -     -     -     -     -     -     -     -     -     -     -     -     -     -     -     -     -     -     -     -     -     -     -     -     -     -     -     -     -     -     -     -     -     -     -     -     -     -
     1     0 -0.82 -0.14  0.47     0 -0.33     0     0  0.11     |  0.79     0     0     0     0     0     '     1     0 -0.82 -0.14  0.47     0 -0.33     0     0  0.11     '     1     0  0.82 -0.14  0.47     0 -0.33     0     0  0.11     |   4.9
     0    -1  0.54 -0.43 0.094     0  0.23     0     0  0.92     |  0.96     0     0     0     0     0     '     0    -1  0.54 -0.43 0.094     0  0.23     0     0  0.92     '     0     1 -0.54 -0.43 0.094     0  0.23     0     0  0.92     |   2.3
     0     0 -0.27-0.031 0.031     0 0.078     0     0 -0.36     | -0.12     0     0     1     0     0     '     0     0 -0.27-0.031 0.031     0 0.078     0     0 -0.36     '     0     0  0.27-0.031 0.031     0 0.078     0     0 -0.36     |  0.98
     0     0 -0.16  0.18  0.16     0 -0.11     0     0  -0.3     | 0.042     0     0     0     0     1     '     0     0 -0.16  0.18  0.16     0 -0.11     0     0  -0.3     '     0     0  0.16  0.18  0.16     0 -0.11     0     0  -0.3     | 0.089
     0     0   0.2-0.094 0.094     0  0.23     0     0-0.078     | -0.37     0     0     0     1     0     '     0     0   0.2-0.094 0.094     0  0.23     0     0-0.078     '     0     0  -0.2-0.094 0.094     0  0.23     0     0-0.078     |     2
     0     0-0.0052  0.49 -0.16    -1  0.61     0     0  -0.2     |  -1.7     0     0     0     0     0     '     0     0-0.0052  0.49 -0.16    -1  0.61     0     0  -0.2     '     0     00.0052  0.49 -0.16     1  0.61     0     0  -0.2     |   8.7
     0     0  0.13  0.25 -0.25     0  0.38     0     0 -0.12     |    -1     1     0     0     0     0     '     0     0  0.13  0.25 -0.25     0  0.38     0     0 -0.12     '     0     0 -0.13  0.25 -0.25     0  0.38     0     0 -0.12     |   2.1
     0     0  0.35  0.71  -1.4     0  0.56    -1     0 -0.19     |  -4.8     0     0     0     0     0     '     0     0  0.35  0.71  -1.4     0  0.56    -1     0 -0.19     '     0     0 -0.35  0.71  -1.4     0  0.56     1     0 -0.19     |   9.4
     0     0-0.083 -0.17   0.5     0 -0.25     0     1  0.75     |   1.7     0     0     0     0     0     '     0     0-0.083 -0.17   0.5     0 -0.25     0     1  0.75     '     0     0 0.083 -0.17   0.5     0 -0.25     0     1  0.75     |   6.9
     0     0 -0.26 -0.01  0.34     0 -0.14     0     0 0.047     |   1.3     0     1     0     0     0     '     0     0 -0.26 -0.01  0.34     0 -0.14     0     0 0.047     '     0     0  0.26 -0.01  0.34     0 -0.14     0     0 0.047     |  0.49


======================================================================================================================================================================================================================================================

Tableau 8 -> Eliminar 2x18:

------------------------------------------------------------------------------------------------------------------------------------------------------------------------------------------------------------------------------------------------------
     0     1     2     3     4     5     6     7     8     9     |    10    11    12    13    14    15     |    16    17    18    19    20    21    22    23    24    25     |    26    27    28    29    30    31    32    33    34    35     |    36
------------------------------------------------------------------------------------------------------------------------------------------------------------------------------------------------------------------------------------------------------
     0  -0.5     0  -1.2   1.1     1 -0.81     1    -1 0.097     |   5.3     0     0     0     0     0     '     0  -0.5     0  -1.2   1.1     1 -0.81     1    -1 0.097     '     1   1.5     1 -0.24   2.1     0  0.19     0     0   1.1     |   -24
     -     -     -     -     -     -     -     -     -     -     -     -     -     -     -     -     -     -     -     -     -     -     -     -     -     -     -     -     -     -     -     -     -     -     -     -     -     -     -     -     -
     1  -1.5     0 -0.79  0.61     0 0.029     0     0   1.5     |   2.3     0     0     0     0     0     '     1  -1.5     0 -0.79  0.61     0 0.029     0     0   1.5     '     1   1.5     0 -0.79  0.61     0 0.029     0     0   1.5     |   8.4
     0  -1.9     1  -0.8  0.17     0  0.44     0     0   1.7     |   1.8     0     0     0     0     0     '     0  -1.9     1  -0.8  0.17     0  0.44     0     0   1.7     '     0   1.9    -1  -0.8  0.17     0  0.44     0     0   1.7     |   4.3
     0  -0.5     0 -0.24 0.078     0  0.19     0     0 0.097     |  0.35     0     0     1     0     0     '     0  -0.5     0 -0.24 0.078     0  0.19     0     0 0.097     '     0   0.5     0 -0.24 0.078     0  0.19     0     0 0.097     |   2.1
     0  -0.3     0 0.049  0.18     0-0.039     0     0-0.019     |  0.33     0     0     0     0     1     '     0  -0.3     0 0.049  0.18     0-0.039     0     0-0.019     '     0   0.3     0 0.049  0.18     0-0.039     0     0-0.019     |  0.78
     0  0.38     0 0.068 0.058     0  0.15     0     0 -0.43     | -0.74     0     0     0     1     0     '     0  0.38     0 0.068 0.058     0  0.15     0     0 -0.43     '     0 -0.38     0 0.068 0.058     0  0.15     0     0 -0.43     |   1.1
     0-0.0097     0  0.49 -0.16    -1  0.61     0     0 -0.19     |  -1.7     0     0     0     0     0     '     0-0.0097     0  0.49 -0.16    -1  0.61     0     0 -0.19     '     00.0097     0  0.49 -0.16     1  0.61     0     0 -0.19     |   8.8
     0  0.23     0  0.35 -0.27     0  0.32     0     0 -0.34     |  -1.2     1     0     0     0     0     '     0  0.23     0  0.35 -0.27     0  0.32     0     0 -0.34     '     0 -0.23     0  0.35 -0.27     0  0.32     0     0 -0.34     |   1.6
     0  0.66     0  0.99  -1.4     0  0.41    -1     0  -0.8     |  -5.5     0     0     0     0     0     '     0  0.66     0  0.99  -1.4     0  0.41    -1     0  -0.8     '     0 -0.66     0  0.99  -1.4     0  0.41     1     0  -0.8     |   7.8
     0 -0.16     0 -0.23  0.51     0 -0.21     0     1  0.89     |   1.8     0     0     0     0     0     '     0 -0.16     0 -0.23  0.51     0 -0.21     0     1  0.89     '     0  0.16     0 -0.23  0.51     0 -0.21     0     1  0.89     |   7.3
     0 -0.48     0 -0.21  0.39     0-0.029     0     0  0.49     |   1.7     0     1     0     0     0     '     0 -0.48     0 -0.21  0.39     0-0.029     0     0  0.49     '     0  0.48     0 -0.21  0.39     0-0.029     0     0  0.49     |   1.6


======================================================================================================================================================================================================================================================

Tableau 9 -> Eliminar 5x17:

------------------------------------------------------------------------------------------------------------------------------------------------------------------------------------------------------------------------------------------------------
     0     1     2     3     4     5     6     7     8     9     |    10    11    12    13    14    15     |    16    17    18    19    20    21    22    23    24    25     |    26    27    28    29    30    31    32    33    34    35     |    36
------------------------------------------------------------------------------------------------------------------------------------------------------------------------------------------------------------------------------------------------------
     0     0     0  -1.2   1.2     1 -0.62     1    -1 -0.46     |   4.4     0     0     0   1.3     0     '     0     0     0  -1.2   1.2     1 -0.62     1    -1 -0.46     '     1     1     1 -0.15   2.2     0  0.38     0     0  0.54     |   -22
     -     -     -     -     -     -     -     -     -     -     -     -     -     -     -     -     -     -     -     -     -     -     -     -     -     -     -     -     -     -     -     -     -     -     -     -     -     -     -     -     -
     1     0     0 -0.51  0.85     0  0.62     0     0 -0.21     | -0.72     0     0     0     4     0     '     1     0     0 -0.51  0.85     0  0.62     0     0 -0.21     '     1     0     0 -0.51  0.85     0  0.62     0     0 -0.21     |    13
     0     0     1 -0.46  0.46     0   1.2     0     0 -0.38     |  -1.8     0     0     0   4.9     0     '     0     0     1 -0.46  0.46     0   1.2     0     0 -0.38     '     0     0    -1 -0.46  0.46     0   1.2     0     0 -0.38     |   9.6
     0     0     0 -0.15  0.15     0  0.38     0     0 -0.46     | -0.62     0     0     1   1.3     0     '     0     0     0 -0.15  0.15     0  0.38     0     0 -0.46     '     0     0     0 -0.15  0.15     0  0.38     0     0 -0.46     |   3.5
     0     0     0   0.1  0.23     0 0.077     0     0 -0.36     | -0.26     0     0     0  0.79     1     '     0     0     0   0.1  0.23     0 0.077     0     0 -0.36     '     0     0     0   0.1  0.23     0 0.077     0     0 -0.36     |   1.6
     0     1     0  0.18  0.15     0  0.38     0     0  -1.1     |  -1.9     0     0     0   2.6     0     '     0     1     0  0.18  0.15     0  0.38     0     0  -1.1     '     0    -1     0  0.18  0.15     0  0.38     0     0  -1.1     |   2.9
     0     0     0  0.49 -0.15    -1  0.62     0     0 -0.21     |  -1.7     0     0     0 0.026     0     '     0     0     0  0.49 -0.15    -1  0.62     0     0 -0.21     '     0     0     0  0.49 -0.15     1  0.62     0     0 -0.21     |   8.8
     0     0     0  0.31 -0.31     0  0.23     0     0-0.077     | -0.77     1     0     0 -0.62     0     '     0     0     0  0.31 -0.31     0  0.23     0     0-0.077     '     0     0     0  0.31 -0.31     0  0.23     0     0-0.077     |  0.92
     0     0     0  0.87  -1.5     0  0.15    -1     0-0.051     |  -4.2     0     0     0  -1.7     0     '     0     0     0  0.87  -1.5     0  0.15    -1     0-0.051     '     0     0     0  0.87  -1.5     0  0.15     1     0-0.051     |   5.9
     0     0     0 -0.21  0.54     0 -0.15     0     1  0.72     |   1.5     0     0     0  0.41     0     '     0     0     0 -0.21  0.54     0 -0.15     0     1  0.72     '     0     0     0 -0.21  0.54     0 -0.15     0     1  0.72     |   7.7
     0     0     0 -0.13  0.46     0  0.15     0     0-0.051     |  0.82     0     1     0   1.3     0     '     0     0     0 -0.13  0.46     0  0.15     0     0-0.051     '     0     0     0 -0.13  0.46     0  0.15     0     0-0.051     |   2.9


======================================================================================================================================================================================================================================================

Tableau 10 -> Eliminar 7x19:

------------------------------------------------------------------------------------------------------------------------------------------------------------------------------------------------------------------------------------------------------
     0     1     2     3     4     5     6     7     8     9     |    10    11    12    13    14    15     |    16    17    18    19    20    21    22    23    24    25     |    26    27    28    29    30    31    32    33    34    35     |    36
------------------------------------------------------------------------------------------------------------------------------------------------------------------------------------------------------------------------------------------------------
     0     0     0     0     0     1  0.25     1    -1 -0.75     |   1.5   3.7     0     0    -1     0     '     0     0     0     0     0     1  0.25     1    -1 -0.75     '     1     1     1     1     1     0   1.2     0     0  0.25     |   -19
     -     -     -     -     -     -     -     -     -     -     -     -     -     -     -     -     -     -     -     -     -     -     -     -     -     -     -     -     -     -     -     -     -     -     -     -     -     -     -     -     -
     1     0     0     0  0.33     0     1     0     0 -0.33     |    -2   1.7     0     0     3     0     '     1     0     0     0  0.33     0     1     0     0 -0.33     '     1     0     0     0  0.33     0     1     0     0 -0.33     |    14
     0     0     1     0     0     0   1.5     0     0  -0.5     |    -3   1.5     0     0     4     0     '     0     0     1     0     0     0   1.5     0     0  -0.5     '     0     0    -1     0     0     0   1.5     0     0  -0.5     |    11
     0     0     0     0     0     0   0.5     0     0  -0.5     |    -1   0.5     0     1     1     0     '     0     0     0     0     0     0   0.5     0     0  -0.5     '     0     0     0     0     0     0   0.5     0     0  -0.5     |     4
     0     0     0     0  0.33     0     0     0     0 -0.33     |     0 -0.33     0     0     1     1     '     0     0     0     0  0.33     0     0     0     0 -0.33     '     0     0     0     0  0.33     0     0     0     0 -0.33     |   1.3
     0     1     0     0  0.33     0  0.25     0     0  -1.1     |  -1.5 -0.58     0     0     3     0     '     0     1     0     0  0.33     0  0.25     0     0  -1.1     '     0    -1     0     0  0.33     0  0.25     0     0  -1.1     |   2.3
     0     0     0     0  0.33    -1  0.25     0     0-0.083     |  -0.5  -1.6     0     0     1     0     '     0     0     0     0  0.33    -1  0.25     0     0-0.083     '     0     0     0     0  0.33     1  0.25     0     0-0.083     |   7.3
     0     0     0     1    -1     0  0.75     0     0 -0.25     |  -2.5   3.2     0     0    -2     0     '     0     0     0     1    -1     0  0.75     0     0 -0.25     '     0     0     0     1    -1     0  0.75     0     0 -0.25     |     3
     0     0     0     0 -0.67     0  -0.5    -1     0  0.17     |    -2  -2.8     0     0     0     0     '     0     0     0     0 -0.67     0  -0.5    -1     0  0.17     '     0     0     0     0 -0.67     0  -0.5     1     0  0.17     |   3.3
     0     0     0     0  0.33     0     0     0     1  0.67     |     1  0.67     0     0     0     0     '     0     0     0     0  0.33     0     0     0     1  0.67     '     0     0     0     0  0.33     0     0     0     1  0.67     |   8.3
     0     0     0     0  0.33     0  0.25     0     0-0.083     |   0.5  0.42     1     0     1     0     '     0     0     0     0  0.33     0  0.25     0     0-0.083     '     0     0     0     0  0.33     0  0.25     0     0-0.083     |   3.3


======================================================================================================================================================================================================================================================

Tableau 11 -> Eliminar 5x14:

------------------------------------------------------------------------------------------------------------------------------------------------------------------------------------------------------------------------------------------------------
     0     1     2     3     4     5     6     7     8     9     |    10    11    12    13    14    15     |    16    17    18    19    20    21    22    23    24    25     |    26    27    28    29    30    31    32    33    34    35     |    36
------------------------------------------------------------------------------------------------------------------------------------------------------------------------------------------------------------------------------------------------------
     0  0.33     0     0  0.11     1  0.33     1    -1  -1.1     |     1   3.6     0     0     0     0     '     0  0.33     0     0  0.11     1  0.33     1    -1  -1.1     '     1  0.67     1     1   1.1     0   1.3     0     0 -0.11     |   -18
     -     -     -     -     -     -     -     -     -     -     -     -     -     -     -     -     -     -     -     -     -     -     -     -     -     -     -     -     -     -     -     -     -     -     -     -     -     -     -     -     -
     1    -1     0     0     0     0  0.75     0     0  0.75     |  -0.5   2.2     0     0     0     0     '     1    -1     0     0     0     0  0.75     0     0  0.75     '     1     1     0     0     0     0  0.75     0     0  0.75     |    12
     0  -1.3     1     0 -0.44     0   1.2     0     0  0.94     |    -1   2.3     0     0     0     0     '     0  -1.3     1     0 -0.44     0   1.2     0     0  0.94     '     0   1.3    -1     0 -0.44     0   1.2     0     0  0.94     |   7.9
     0 -0.33     0     0 -0.11     0  0.42     0     0 -0.14     |  -0.5  0.69     0     1     0     0     '     0 -0.33     0     0 -0.11     0  0.42     0     0 -0.14     '     0  0.33     0     0 -0.11     0  0.42     0     0 -0.14     |   3.2
     0 -0.33     0     0  0.22     0-0.083     0     0 0.028     |   0.5 -0.14     0     0     0     1     '     0 -0.33     0     0  0.22     0-0.083     0     0 0.028     '     0  0.33     0     0  0.22     0-0.083     0     0 0.028     |  0.56
     0  0.33     0     0  0.11     0 0.083     0     0 -0.36     |  -0.5 -0.19     0     0     1     0     '     0  0.33     0     0  0.11     0 0.083     0     0 -0.36     '     0 -0.33     0     0  0.11     0 0.083     0     0 -0.36     |  0.78
     0 -0.33     0     0  0.22    -1  0.17     0     0  0.28     |     0  -1.4     0     0     0     0     '     0 -0.33     0     0  0.22    -1  0.17     0     0  0.28     '     0  0.33     0     0  0.22     1  0.17     0     0  0.28     |   6.6
     0  0.67     0     1 -0.78     0  0.92     0     0 -0.97     |  -3.5   2.9     0     0     0     0     '     0  0.67     0     1 -0.78     0  0.92     0     0 -0.97     '     0 -0.67     0     1 -0.78     0  0.92     0     0 -0.97     |   4.6
     0     0     0     0 -0.67     0  -0.5    -1     0  0.17     |    -2  -2.8     0     0     0     0     '     0     0     0     0 -0.67     0  -0.5    -1     0  0.17     '     0     0     0     0 -0.67     0  -0.5     1     0  0.17     |   3.3
     0     0     0     0  0.33     0     0     0     1  0.67     |     1  0.67     0     0     0     0     '     0     0     0     0  0.33     0     0     0     1  0.67     '     0     0     0     0  0.33     0     0     0     1  0.67     |   8.3
     0 -0.33     0     0  0.22     0  0.17     0     0  0.28     |     1  0.61     1     0     0     0     '     0 -0.33     0     0  0.22     0  0.17     0     0  0.28     '     0  0.33     0     0  0.22     0  0.17     0     0  0.28     |   2.6


======================================================================================================================================================================================================================================================

Tableau 12 -> Eliminar 9x24:

------------------------------------------------------------------------------------------------------------------------------------------------------------------------------------------------------------------------------------------------------
     0     1     2     3     4     5     6     7     8     9     |    10    11    12    13    14    15     |    16    17    18    19    20    21    22    23    24    25     |    26    27    28    29    30    31    32    33    34    35     |    36
------------------------------------------------------------------------------------------------------------------------------------------------------------------------------------------------------------------------------------------------------
     0  0.33     0     0  0.44     1  0.33     1     0 -0.44     |     2   4.2     0     0     0     0     '     0  0.33     0     0  0.44     1  0.33     1     0 -0.44     '     1  0.67     1     1   1.4     0   1.3     0     1  0.56     |  -9.9
     -     -     -     -     -     -     -     -     -     -     -     -     -     -     -     -     -     -     -     -     -     -     -     -     -     -     -     -     -     -     -     -     -     -     -     -     -     -     -     -     -
     1    -1     0     0     0     0  0.75     0     0  0.75     |  -0.5   2.2     0     0     0     0     '     1    -1     0     0     0     0  0.75     0     0  0.75     '     1     1     0     0     0     0  0.75     0     0  0.75     |    12
     0  -1.3     1     0 -0.44     0   1.2     0     0  0.94     |    -1   2.3     0     0     0     0     '     0  -1.3     1     0 -0.44     0   1.2     0     0  0.94     '     0   1.3    -1     0 -0.44     0   1.2     0     0  0.94     |   7.9
     0 -0.33     0     0 -0.11     0  0.42     0     0 -0.14     |  -0.5  0.69     0     1     0     0     '     0 -0.33     0     0 -0.11     0  0.42     0     0 -0.14     '     0  0.33     0     0 -0.11     0  0.42     0     0 -0.14     |   3.2
     0 -0.33     0     0  0.22     0-0.083     0     0 0.028     |   0.5 -0.14     0     0     0     1     '     0 -0.33     0     0  0.22     0-0.083     0     0 0.028     '     0  0.33     0     0  0.22     0-0.083     0     0 0.028     |  0.56
     0  0.33     0     0  0.11     0 0.083     0     0 -0.36     |  -0.5 -0.19     0     0     1     0     '     0  0.33     0     0  0.11     0 0.083     0     0 -0.36     '     0 -0.33     0     0  0.11     0 0.083     0     0 -0.36     |  0.78
     0 -0.33     0     0  0.22    -1  0.17     0     0  0.28     |     0  -1.4     0     0     0     0     '     0 -0.33     0     0  0.22    -1  0.17     0     0  0.28     '     0  0.33     0     0  0.22     1  0.17     0     0  0.28     |   6.6
     0  0.67     0     1 -0.78     0  0.92     0     0 -0.97     |  -3.5   2.9     0     0     0     0     '     0  0.67     0     1 -0.78     0  0.92     0     0 -0.97     '     0 -0.67     0     1 -0.78     0  0.92     0     0 -0.97     |   4.6
     0     0     0     0 -0.67     0  -0.5    -1     0  0.17     |    -2  -2.8     0     0     0     0     '     0     0     0     0 -0.67     0  -0.5    -1     0  0.17     '     0     0     0     0 -0.67     0  -0.5     1     0  0.17     |   3.3
     0     0     0     0  0.33     0     0     0     1  0.67     |     1  0.67     0     0     0     0     '     0     0     0     0  0.33     0     0     0     1  0.67     '     0     0     0     0  0.33     0     0     0     1  0.67     |   8.3
     0 -0.33     0     0  0.22     0  0.17     0     0  0.28     |     1  0.61     1     0     0     0     '     0 -0.33     0     0  0.22     0  0.17     0     0  0.28     '     0  0.33     0     0  0.22     0  0.17     0     0  0.28     |   2.6


======================================================================================================================================================================================================================================================

Tableau 13 -> Eliminar 2x25:

------------------------------------------------------------------------------------------------------------------------------------------------------------------------------------------------------------------------------------------------------
     0     1     2     3     4     5     6     7     8     9     |    10    11    12    13    14    15     |    16    17    18    19    20    21    22    23    24    25     |    26    27    28    29    30    31    32    33    34    35     |    36
------------------------------------------------------------------------------------------------------------------------------------------------------------------------------------------------------------------------------------------------------
     0 -0.29  0.47     0  0.24     1  0.88     1     0     0     |   1.5   5.3     0     0     0     0     '     0 -0.29  0.47     0  0.24     1  0.88     1     0     0     '     1   1.3  0.53     1   1.2     0   1.9     0     1     1     |  -6.2
     -     -     -     -     -     -     -     -     -     -     -     -     -     -     -     -     -     -     -     -     -     -     -     -     -     -     -     -     -     -     -     -     -     -     -     -     -     -     -     -     -
     1 0.059 -0.79     0  0.35     0 -0.18     0     0     0     |  0.29  0.44     0     0     0     0     '     1 0.059 -0.79     0  0.35     0 -0.18     0     0     0     '     1-0.059  0.79     0  0.35     0 -0.18     0     0     0     |   5.7
     0  -1.4   1.1     0 -0.47     0   1.2     0     0     1     |  -1.1   2.4     0     0     0     0     '     0  -1.4   1.1     0 -0.47     0   1.2     0     0     1     '     0   1.4  -1.1     0 -0.47     0   1.2     0     0     1     |   8.4
     0 -0.53  0.15     0 -0.18     0  0.59     0     0     0     | -0.65     1     0     1     0     0     '     0 -0.53  0.15     0 -0.18     0  0.59     0     0     0     '     0  0.53 -0.15     0 -0.18     0  0.59     0     0     0     |   4.4
     0 -0.29-0.029     0  0.24     0 -0.12     0     0     0     |  0.53 -0.21     0     0     0     1     '     0 -0.29-0.029     0  0.24     0 -0.12     0     0     0     '     0  0.29 0.029     0  0.24     0 -0.12     0     0     0     |  0.32
     0 -0.18  0.38     0-0.059     0  0.53     0     0     0     | -0.88  0.68     0     0     1     0     '     0 -0.18  0.38     0-0.059     0  0.53     0     0     0     '     0  0.18 -0.38     0-0.059     0  0.53     0     0     0     |   3.8
     0 0.059 -0.29     0  0.35    -1 -0.18     0     0     0     |  0.29  -2.1     0     0     0     0     '     0 0.059 -0.29     0  0.35    -1 -0.18     0     0     0     '     0-0.059  0.29     0  0.35     1 -0.18     0     0     0     |   4.2
     0 -0.71     1     1  -1.2     0   2.1     0     0     0     |  -4.5   5.2     0     0     0     0     '     0 -0.71     1     1  -1.2     0   2.1     0     0     0     '     0  0.71    -1     1  -1.2     0   2.1     0     0     0     |    13
     0  0.24 -0.18     0 -0.59     0 -0.71    -1     0     0     |  -1.8  -3.2     0     0     0     0     '     0  0.24 -0.18     0 -0.59     0 -0.71    -1     0     0     '     0 -0.24  0.18     0 -0.59     0 -0.71     1     0     0     |   1.9
     0  0.94 -0.71     0  0.65     0 -0.82     0     1     0     |   1.7 -0.94     0     0     0     0     '     0  0.94 -0.71     0  0.65     0 -0.82     0     1     0     '     0 -0.94  0.71     0  0.65     0 -0.82     0     1     0     |   2.8
     0 0.059 -0.29     0  0.35     0 -0.18     0     0     0     |   1.3-0.059     1     0     0     0     '     0 0.059 -0.29     0  0.35     0 -0.18     0     0     0     '     0-0.059  0.29     0  0.35     0 -0.18     0     0     0     |  0.24


======================================================================================================================================================================================================================================================

Tableau 14 -> Eliminar 9x17:

------------------------------------------------------------------------------------------------------------------------------------------------------------------------------------------------------------------------------------------------------
     0     1     2     3     4     5     6     7     8     9     |    10    11    12    13    14    15     |    16    17    18    19    20    21    22    23    24    25     |    26    27    28    29    30    31    32    33    34    35     |    36
------------------------------------------------------------------------------------------------------------------------------------------------------------------------------------------------------------------------------------------------------
     0     0  0.25     0  0.44     1  0.62     1  0.31     0     |   2.1     5     0     0     0     0     '     0     0  0.25     0  0.44     1  0.62     1  0.31     0     '     1     1  0.75     1   1.4     0   1.6     0   1.3     1     |  -5.3
     -     -     -     -     -     -     -     -     -     -     -     -     -     -     -     -     -     -     -     -     -     -     -     -     -     -     -     -     -     -     -     -     -     -     -     -     -     -     -     -     -
     1     0 -0.75     0  0.31     0 -0.13     0-0.062     0     |  0.19   0.5     0     0     0     0     '     1     0 -0.75     0  0.31     0 -0.13     0-0.062     0     '     1     0  0.75     0  0.31     0 -0.13     0-0.062     0     |   5.6
     0     0     0     0   0.5     0     0     0   1.5     1     |   1.5     1     0     0     0     0     '     0     0     0     0   0.5     0     0     0   1.5     1     '     0     0     0     0   0.5     0     0     0   1.5     1     |    13
     0     0 -0.25     0  0.19     0  0.13     0  0.56     0     |  0.31   0.5     0     1     0     0     '     0     0 -0.25     0  0.19     0  0.13     0  0.56     0     '     0     0  0.25     0  0.19     0  0.13     0  0.56     0     |   5.9
     0     0 -0.25     0  0.44     0 -0.37     0  0.31     0     |   1.1  -0.5     0     0     0     1     '     0     0 -0.25     0  0.44     0 -0.37     0  0.31     0     '     0     0  0.25     0  0.44     0 -0.37     0  0.31     0     |   1.2
     0     0  0.25     0 0.062     0  0.37     0  0.19     0     | -0.56   0.5     0     0     1     0     '     0     0  0.25     0 0.062     0  0.37     0  0.19     0     '     0     0 -0.25     0 0.062     0  0.37     0  0.19     0     |   4.3
     0     0 -0.25     0  0.31    -1 -0.12     0-0.062     0     |  0.19    -2     0     0     0     0     '     0     0 -0.25     0  0.31    -1 -0.12     0-0.062     0     '     0     0  0.25     0  0.31     1 -0.12     0-0.062     0     |   4.1
     0     0   0.5     1 -0.75     0   1.5     0  0.75     0     |  -3.2   4.5     0     0     0     0     '     0     0   0.5     1 -0.75     0   1.5     0  0.75     0     '     0     0  -0.5     1 -0.75     0   1.5     0  0.75     0     |    15
     0     0     0     0 -0.75     0  -0.5    -1 -0.25     0     |  -2.3    -3     0     0     0     0     '     0     0     0     0 -0.75     0  -0.5    -1 -0.25     0     '     0     0     0     0 -0.75     0  -0.5     1 -0.25     0     |   1.2
     0     1 -0.75     0  0.69     0 -0.87     0   1.1     0     |   1.8    -1     0     0     0     0     '     0     1 -0.75     0  0.69     0 -0.87     0   1.1     0     '     0    -1  0.75     0  0.69     0 -0.87     0   1.1     0     |   2.9
     0     0 -0.25     0  0.31     0 -0.12     0-0.062     0     |   1.2     0     1     0     0     0     '     0     0 -0.25     0  0.31     0 -0.12     0-0.062     0     '     0     0  0.25     0  0.31     0 -0.12     0-0.062     0     | 0.063


======================================================================================================================================================================================================================================================

inviavel
0 0 0.25 0 0.4375 1 0.625 1 0.3125 0 
