Tableau inicial:

------------------------------------------------------------------------------------------------------------------------------------------------------------------------------------------------------------------------------------------
     0     1     2     3     4     5     6     7     8     9     |    10    11    12    13     |    14    15    16    17    18    19    20    21    22    23     |    24    25    26    27    28    29    30    31    32    33     |    34
------------------------------------------------------------------------------------------------------------------------------------------------------------------------------------------------------------------------------------------
     0     0     0     0     0     0     0     0     0     0     |     3     7     9    -6     '     0     0     0     0     0     0     0     0     0     0     '     0     0     0     0     0     0     0     0     0     0     |     0
     -     -     -     -     -     -     -     -     -     -     -     -     -     -     -     -     -     -     -     -     -     -     -     -     -     -     -     -     -     -     -     -     -     -     -     -     -     -     -
     1     0     0     0     0     0     0     0     0     0     |    -1    -2    -1    -1     '     1     0     0     0     0     0     0     0     0     0     '     0     0     0     0     0     0     0     0     0     0     |     2
     0     1     0     0     0     0     0     0     0     0     |    -1    -1     0    -1     '     0     1     0     0     0     0     0     0     0     0     '     0     0     0     0     0     0     0     0     0     0     |     7
     0     0     1     0     0     0     0     0     0     0     |    -2    -1     1     1     '     0     0     1     0     0     0     0     0     0     0     '     0     0     0     0     0     0     0     0     0     0     |     1
     0     0     0     1     0     0     0     0     0     0     |    -2     1     0    -1     '     0     0     0     1     0     0     0     0     0     0     '     0     0     0     0     0     0     0     0     0     0     |     0
     0     0     0     0     1     0     0     0     0     0     |    -1     2     0     1     '     0     0     0     0     1     0     0     0     0     0     '     0     0     0     0     0     0     0     0     0     0     |     4
     0     0     0     0     0     1     0     0     0     0     |    -1     2     2     0     '     0     0     0     0     0     1     0     0     0     0     '     0     0     0     0     0     0     0     0     0     0     |    10
     0     0     0     0     0     0     1     0     0     0     |     0    -2    -2     1     '     0     0     0     0     0     0     1     0     0     0     '     0     0     0     0     0     0     0     0     0     0     |     6
     0     0     0     0     0     0     0     1     0     0     |     0     1     0     0     '     0     0     0     0     0     0     0     1     0     0     '     0     0     0     0     0     0     0     0     0     0     |    10
     0     0     0     0     0     0     0     0     1     0     |    -1     2     0     1     '     0     0     0     0     0     0     0     0     1     0     '     0     0     0     0     0     0     0     0     0     0     |     6
     0     0     0     0     0     0     0     0     0     1     |     2    -2     0     0     '     0     0     0     0     0     0     0     0     0     1     '     0     0     0     0     0     0     0     0     0     0     |     0


==========================================================================================================================================================================================================================================

Tableau tratado:

------------------------------------------------------------------------------------------------------------------------------------------------------------------------------------------------------------------------------------------
     0     1     2     3     4     5     6     7     8     9     |    10    11    12    13     |    14    15    16    17    18    19    20    21    22    23     |    24    25    26    27    28    29    30    31    32    33     |    34
------------------------------------------------------------------------------------------------------------------------------------------------------------------------------------------------------------------------------------------
     0     0     0     0     0     0     0     0     0     0     |     3     7     9    -6     '     0     0     0     0     0     0     0     0     0     0     '     0     0     0     0     0     0     0     0     0     0     |     0
     -     -     -     -     -     -     -     -     -     -     -     -     -     -     -     -     -     -     -     -     -     -     -     -     -     -     -     -     -     -     -     -     -     -     -     -     -     -     -
     1     0     0     0     0     0     0     0     0     0     |    -1    -2    -1    -1     '     1     0     0     0     0     0     0     0     0     0     '     0     0     0     0     0     0     0     0     0     0     |     2
     0     1     0     0     0     0     0     0     0     0     |    -1    -1     0    -1     '     0     1     0     0     0     0     0     0     0     0     '     0     0     0     0     0     0     0     0     0     0     |     7
     0     0     1     0     0     0     0     0     0     0     |    -2    -1     1     1     '     0     0     1     0     0     0     0     0     0     0     '     0     0     0     0     0     0     0     0     0     0     |     1
     0     0     0     1     0     0     0     0     0     0     |    -2     1     0    -1     '     0     0     0     1     0     0     0     0     0     0     '     0     0     0     0     0     0     0     0     0     0     |     0
     0     0     0     0     1     0     0     0     0     0     |    -1     2     0     1     '     0     0     0     0     1     0     0     0     0     0     '     0     0     0     0     0     0     0     0     0     0     |     4
     0     0     0     0     0     1     0     0     0     0     |    -1     2     2     0     '     0     0     0     0     0     1     0     0     0     0     '     0     0     0     0     0     0     0     0     0     0     |    10
     0     0     0     0     0     0     1     0     0     0     |     0    -2    -2     1     '     0     0     0     0     0     0     1     0     0     0     '     0     0     0     0     0     0     0     0     0     0     |     6
     0     0     0     0     0     0     0     1     0     0     |     0     1     0     0     '     0     0     0     0     0     0     0     1     0     0     '     0     0     0     0     0     0     0     0     0     0     |    10
     0     0     0     0     0     0     0     0     1     0     |    -1     2     0     1     '     0     0     0     0     0     0     0     0     1     0     '     0     0     0     0     0     0     0     0     0     0     |     6
     0     0     0     0     0     0     0     0     0     1     |     2    -2     0     0     '     0     0     0     0     0     0     0     0     0     1     '     0     0     0     0     0     0     0     0     0     0     |     0


==========================================================================================================================================================================================================================================

Tableau 0 -> Eliminar 3x13:

------------------------------------------------------------------------------------------------------------------------------------------------------------------------------------------------------------------------------------------
     0     1     2     3     4     5     6     7     8     9     |    10    11    12    13     |    14    15    16    17    18    19    20    21    22    23     |    24    25    26    27    28    29    30    31    32    33     |    34
------------------------------------------------------------------------------------------------------------------------------------------------------------------------------------------------------------------------------------------
     0     0     6     0     0     0     0     0     0     0     |    -9     1    15     0     '     0     0     6     0     0     0     0     0     0     0     '     0     0     0     0     0     0     0     0     0     0     |     6
     -     -     -     -     -     -     -     -     -     -     -     -     -     -     -     -     -     -     -     -     -     -     -     -     -     -     -     -     -     -     -     -     -     -     -     -     -     -     -
     1     0     1     0     0     0     0     0     0     0     |    -3    -3     0     0     '     1     0     1     0     0     0     0     0     0     0     '     0     0     0     0     0     0     0     0     0     0     |     3
     0     1     1     0     0     0     0     0     0     0     |    -3    -2     1     0     '     0     1     1     0     0     0     0     0     0     0     '     0     0     0     0     0     0     0     0     0     0     |     8
     0     0     1     0     0     0     0     0     0     0     |    -2    -1     1     1     '     0     0     1     0     0     0     0     0     0     0     '     0     0     0     0     0     0     0     0     0     0     |     1
     0     0     1     1     0     0     0     0     0     0     |    -4     0     1     0     '     0     0     1     1     0     0     0     0     0     0     '     0     0     0     0     0     0     0     0     0     0     |     1
     0     0    -1     0     1     0     0     0     0     0     |     1     3    -1     0     '     0     0    -1     0     1     0     0     0     0     0     '     0     0     0     0     0     0     0     0     0     0     |     3
     0     0     0     0     0     1     0     0     0     0     |    -1     2     2     0     '     0     0     0     0     0     1     0     0     0     0     '     0     0     0     0     0     0     0     0     0     0     |    10
     0     0    -1     0     0     0     1     0     0     0     |     2    -1    -3     0     '     0     0    -1     0     0     0     1     0     0     0     '     0     0     0     0     0     0     0     0     0     0     |     5
     0     0     0     0     0     0     0     1     0     0     |     0     1     0     0     '     0     0     0     0     0     0     0     1     0     0     '     0     0     0     0     0     0     0     0     0     0     |    10
     0     0    -1     0     0     0     0     0     1     0     |     1     3    -1     0     '     0     0    -1     0     0     0     0     0     1     0     '     0     0     0     0     0     0     0     0     0     0     |     5
     0     0     0     0     0     0     0     0     0     1     |     2    -2     0     0     '     0     0     0     0     0     0     0     0     0     1     '     0     0     0     0     0     0     0     0     0     0     |     0


==========================================================================================================================================================================================================================================

Tableau 1 -> Eliminar 10x10:

------------------------------------------------------------------------------------------------------------------------------------------------------------------------------------------------------------------------------------------
     0     1     2     3     4     5     6     7     8     9     |    10    11    12    13     |    14    15    16    17    18    19    20    21    22    23     |    24    25    26    27    28    29    30    31    32    33     |    34
------------------------------------------------------------------------------------------------------------------------------------------------------------------------------------------------------------------------------------------
     0     0     6     0     0     0     0     0     0   4.5     |     0    -8    15     0     '     0     0     6     0     0     0     0     0     0   4.5     '     0     0     0     0     0     0     0     0     0     0     |     6
     -     -     -     -     -     -     -     -     -     -     -     -     -     -     -     -     -     -     -     -     -     -     -     -     -     -     -     -     -     -     -     -     -     -     -     -     -     -     -
     1     0     1     0     0     0     0     0     0   1.5     |     0    -6     0     0     '     1     0     1     0     0     0     0     0     0   1.5     '     0     0     0     0     0     0     0     0     0     0     |     3
     0     1     1     0     0     0     0     0     0   1.5     |     0    -5     1     0     '     0     1     1     0     0     0     0     0     0   1.5     '     0     0     0     0     0     0     0     0     0     0     |     8
     0     0     1     0     0     0     0     0     0     1     |     0    -3     1     1     '     0     0     1     0     0     0     0     0     0     1     '     0     0     0     0     0     0     0     0     0     0     |     1
     0     0     1     1     0     0     0     0     0     2     |     0    -4     1     0     '     0     0     1     1     0     0     0     0     0     2     '     0     0     0     0     0     0     0     0     0     0     |     1
     0     0    -1     0     1     0     0     0     0  -0.5     |     0     4    -1     0     '     0     0    -1     0     1     0     0     0     0  -0.5     '     0     0     0     0     0     0     0     0     0     0     |     3
     0     0     0     0     0     1     0     0     0   0.5     |     0     1     2     0     '     0     0     0     0     0     1     0     0     0   0.5     '     0     0     0     0     0     0     0     0     0     0     |    10
     0     0    -1     0     0     0     1     0     0    -1     |     0     1    -3     0     '     0     0    -1     0     0     0     1     0     0    -1     '     0     0     0     0     0     0     0     0     0     0     |     5
     0     0     0     0     0     0     0     1     0     0     |     0     1     0     0     '     0     0     0     0     0     0     0     1     0     0     '     0     0     0     0     0     0     0     0     0     0     |    10
     0     0    -1     0     0     0     0     0     1  -0.5     |     0     4    -1     0     '     0     0    -1     0     0     0     0     0     1  -0.5     '     0     0     0     0     0     0     0     0     0     0     |     5
     0     0     0     0     0     0     0     0     0   0.5     |     1    -1     0     0     '     0     0     0     0     0     0     0     0     0   0.5     '     0     0     0     0     0     0     0     0     0     0     |     0


==========================================================================================================================================================================================================================================

Tableau 2 -> Eliminar 5x11:

------------------------------------------------------------------------------------------------------------------------------------------------------------------------------------------------------------------------------------------
     0     1     2     3     4     5     6     7     8     9     |    10    11    12    13     |    14    15    16    17    18    19    20    21    22    23     |    24    25    26    27    28    29    30    31    32    33     |    34
------------------------------------------------------------------------------------------------------------------------------------------------------------------------------------------------------------------------------------------
     0     0     4     0     2     0     0     0     0   3.5     |     0     0    13     0     '     0     0     4     0     2     0     0     0     0   3.5     '     0     0     0     0     0     0     0     0     0     0     |    12
     -     -     -     -     -     -     -     -     -     -     -     -     -     -     -     -     -     -     -     -     -     -     -     -     -     -     -     -     -     -     -     -     -     -     -     -     -     -     -
     1     0  -0.5     0   1.5     0     0     0     0  0.75     |     0     0  -1.5     0     '     1     0  -0.5     0   1.5     0     0     0     0  0.75     '     0     0     0     0     0     0     0     0     0     0     |   7.5
     0     1 -0.25     0   1.2     0     0     0     0  0.88     |     0     0 -0.25     0     '     0     1 -0.25     0   1.2     0     0     0     0  0.88     '     0     0     0     0     0     0     0     0     0     0     |    12
     0     0  0.25     0  0.75     0     0     0     0  0.62     |     0     0  0.25     1     '     0     0  0.25     0  0.75     0     0     0     0  0.62     '     0     0     0     0     0     0     0     0     0     0     |   3.2
     0     0     0     1     1     0     0     0     0   1.5     |     0     0     0     0     '     0     0     0     1     1     0     0     0     0   1.5     '     0     0     0     0     0     0     0     0     0     0     |     4
     0     0 -0.25     0  0.25     0     0     0     0 -0.12     |     0     1 -0.25     0     '     0     0 -0.25     0  0.25     0     0     0     0 -0.12     '     0     0     0     0     0     0     0     0     0     0     |  0.75
     0     0  0.25     0 -0.25     1     0     0     0  0.62     |     0     0   2.2     0     '     0     0  0.25     0 -0.25     1     0     0     0  0.62     '     0     0     0     0     0     0     0     0     0     0     |   9.2
     0     0 -0.75     0 -0.25     0     1     0     0 -0.88     |     0     0  -2.8     0     '     0     0 -0.75     0 -0.25     0     1     0     0 -0.88     '     0     0     0     0     0     0     0     0     0     0     |   4.2
     0     0  0.25     0 -0.25     0     0     1     0  0.12     |     0     0  0.25     0     '     0     0  0.25     0 -0.25     0     0     1     0  0.12     '     0     0     0     0     0     0     0     0     0     0     |   9.2
     0     0     0     0    -1     0     0     0     1     0     |     0     0     0     0     '     0     0     0     0    -1     0     0     0     1     0     '     0     0     0     0     0     0     0     0     0     0     |     2
     0     0 -0.25     0  0.25     0     0     0     0  0.38     |     1     0 -0.25     0     '     0     0 -0.25     0  0.25     0     0     0     0  0.38     '     0     0     0     0     0     0     0     0     0     0     |  0.75


==========================================================================================================================================================================================================================================

otima
12
0.75 0.75 0 3.25 
0 0 4 0 2 0 0 0 0 3.5 
