Tableau inicial:

------------------------------------------------------------------------------------------------------------------------------------------------------------------------------------------
     0     1     2     3     4     5     6     |     7     8     9    10    11     |    12    13    14    15    16    17    18     |    19    20    21    22    23    24    25     |    26
------------------------------------------------------------------------------------------------------------------------------------------------------------------------------------------
     0     0     0     0     0     0     0     |     7     2     2    -5     2     '     0     0     0     0     0     0     0     '     0     0     0     0     0     0     0     |     0
     -     -     -     -     -     -     -     -     -     -     -     -     -     -     -     -     -     -     -     -     -     -     -     -     -     -     -     -     -     -     -
     1     0     0     0     0     0     0     |     2     0    -1     1     2     '     1     0     0     0     0     0     0     '     0     0     0     0     0     0     0     |    -9
     0     1     0     0     0     0     0     |     2    -2    -1     0     1     '     0     1     0     0     0     0     0     '     0     0     0     0     0     0     0     |     6
     0     0     1     0     0     0     0     |     0     2     0    -2    -1     '     0     0     1     0     0     0     0     '     0     0     0     0     0     0     0     |     5
     0     0     0     1     0     0     0     |    -1     1     1    -1    -2     '     0     0     0     1     0     0     0     '     0     0     0     0     0     0     0     |    -3
     0     0     0     0     1     0     0     |     0    -1    -1     0     2     '     0     0     0     0     1     0     0     '     0     0     0     0     0     0     0     |     8
     0     0     0     0     0     1     0     |     0     0     1     0     1     '     0     0     0     0     0     1     0     '     0     0     0     0     0     0     0     |     7
     0     0     0     0     0     0     1     |     1     0    -2    -2     1     '     0     0     0     0     0     0     1     '     0     0     0     0     0     0     0     |   -10


==========================================================================================================================================================================================

Tableau tratado:

------------------------------------------------------------------------------------------------------------------------------------------------------------------------------------------
     0     1     2     3     4     5     6     |     7     8     9    10    11     |    12    13    14    15    16    17    18     |    19    20    21    22    23    24    25     |    26
------------------------------------------------------------------------------------------------------------------------------------------------------------------------------------------
     0     0     0     0     0     0     0     |     7     2     2    -5     2     '     0     0     0     0     0     0     0     '     0     0     0     0     0     0     0     |     0
     -     -     -     -     -     -     -     -     -     -     -     -     -     -     -     -     -     -     -     -     -     -     -     -     -     -     -     -     -     -     -
    -1     0     0     0     0     0     0     |    -2     0     1    -1    -2     '    -1     0     0     0     0     0     0     '     0     0     0     0     0     0     0     |     9
     0     1     0     0     0     0     0     |     2    -2    -1     0     1     '     0     1     0     0     0     0     0     '     0     0     0     0     0     0     0     |     6
     0     0     1     0     0     0     0     |     0     2     0    -2    -1     '     0     0     1     0     0     0     0     '     0     0     0     0     0     0     0     |     5
     0     0     0    -1     0     0     0     |     1    -1    -1     1     2     '     0     0     0    -1     0     0     0     '     0     0     0     0     0     0     0     |     3
     0     0     0     0     1     0     0     |     0    -1    -1     0     2     '     0     0     0     0     1     0     0     '     0     0     0     0     0     0     0     |     8
     0     0     0     0     0     1     0     |     0     0     1     0     1     '     0     0     0     0     0     1     0     '     0     0     0     0     0     0     0     |     7
     0     0     0     0     0     0    -1     |    -1     0     2     2    -1     '     0     0     0     0     0     0    -1     '     0     0     0     0     0     0     0     |    10


==========================================================================================================================================================================================

------------
PL Auxiliar:

------------------------------------------------------------------------------------------------------------------------------------------------------------------------------------------
     0     1     2     3     4     5     6     |     7     8     9    10    11     |    12    13    14    15    16    17    18     |    19    20    21    22    23    24    25     |    26
------------------------------------------------------------------------------------------------------------------------------------------------------------------------------------------
     0     0     0     0     0     0     0     |     0     0     0     0     0     '     0     0     0     0     0     0     0     '     1     1     1     1     1     1     1     |     0
     -     -     -     -     -     -     -     -     -     -     -     -     -     -     -     -     -     -     -     -     -     -     -     -     -     -     -     -     -     -     -
    -1     0     0     0     0     0     0     |    -2     0     1    -1    -2     '    -1     0     0     0     0     0     0     '     1     0     0     0     0     0     0     |     9
     0     1     0     0     0     0     0     |     2    -2    -1     0     1     '     0     1     0     0     0     0     0     '     0     1     0     0     0     0     0     |     6
     0     0     1     0     0     0     0     |     0     2     0    -2    -1     '     0     0     1     0     0     0     0     '     0     0     1     0     0     0     0     |     5
     0     0     0    -1     0     0     0     |     1    -1    -1     1     2     '     0     0     0    -1     0     0     0     '     0     0     0     1     0     0     0     |     3
     0     0     0     0     1     0     0     |     0    -1    -1     0     2     '     0     0     0     0     1     0     0     '     0     0     0     0     1     0     0     |     8
     0     0     0     0     0     1     0     |     0     0     1     0     1     '     0     0     0     0     0     1     0     '     0     0     0     0     0     1     0     |     7
     0     0     0     0     0     0    -1     |    -1     0     2     2    -1     '     0     0     0     0     0     0    -1     '     0     0     0     0     0     0     1     |    10


==========================================================================================================================================================================================


------------------------------------------------------------------------------------------------------------------------------------------------------------------------------------------
     0     1     2     3     4     5     6     |     7     8     9    10    11     |    12    13    14    15    16    17    18     |    19    20    21    22    23    24    25     |    26
------------------------------------------------------------------------------------------------------------------------------------------------------------------------------------------
     1    -1    -1     1    -1    -1     1     |     0     2    -1     0    -2     '     1    -1    -1     1    -1    -1     1     '     0     0     0     0     0     0     0     |   -48
     -     -     -     -     -     -     -     -     -     -     -     -     -     -     -     -     -     -     -     -     -     -     -     -     -     -     -     -     -     -     -
    -1     0     0     0     0     0     0     |    -2     0     1    -1    -2     '    -1     0     0     0     0     0     0     '     1     0     0     0     0     0     0     |     9
     0     1     0     0     0     0     0     |     2    -2    -1     0     1     '     0     1     0     0     0     0     0     '     0     1     0     0     0     0     0     |     6
     0     0     1     0     0     0     0     |     0     2     0    -2    -1     '     0     0     1     0     0     0     0     '     0     0     1     0     0     0     0     |     5
     0     0     0    -1     0     0     0     |     1    -1    -1     1     2     '     0     0     0    -1     0     0     0     '     0     0     0     1     0     0     0     |     3
     0     0     0     0     1     0     0     |     0    -1    -1     0     2     '     0     0     0     0     1     0     0     '     0     0     0     0     1     0     0     |     8
     0     0     0     0     0     1     0     |     0     0     1     0     1     '     0     0     0     0     0     1     0     '     0     0     0     0     0     1     0     |     7
     0     0     0     0     0     0    -1     |    -1     0     2     2    -1     '     0     0     0     0     0     0    -1     '     0     0     0     0     0     0     1     |    10


==========================================================================================================================================================================================

Tableau 0 -> Eliminar 7x9:

------------------------------------------------------------------------------------------------------------------------------------------------------------------------------------------
     0     1     2     3     4     5     6     |     7     8     9    10    11     |    12    13    14    15    16    17    18     |    19    20    21    22    23    24    25     |    26
------------------------------------------------------------------------------------------------------------------------------------------------------------------------------------------
     1    -1    -1     1    -1    -1   0.5     |  -0.5     2     0     1  -2.5     '     1    -1    -1     1    -1    -1   0.5     '     0     0     0     0     0     0   0.5     |   -43
     -     -     -     -     -     -     -     -     -     -     -     -     -     -     -     -     -     -     -     -     -     -     -     -     -     -     -     -     -     -     -
    -1     0     0     0     0     0   0.5     |  -1.5     0     0    -2  -1.5     '    -1     0     0     0     0     0   0.5     '     1     0     0     0     0     0  -0.5     |     4
     0     1     0     0     0     0  -0.5     |   1.5    -2     0     1   0.5     '     0     1     0     0     0     0  -0.5     '     0     1     0     0     0     0   0.5     |    11
     0     0     1     0     0     0     0     |     0     2     0    -2    -1     '     0     0     1     0     0     0     0     '     0     0     1     0     0     0     0     |     5
     0     0     0    -1     0     0  -0.5     |   0.5    -1     0     2   1.5     '     0     0     0    -1     0     0  -0.5     '     0     0     0     1     0     0   0.5     |     8
     0     0     0     0     1     0  -0.5     |  -0.5    -1     0     1   1.5     '     0     0     0     0     1     0  -0.5     '     0     0     0     0     1     0   0.5     |    13
     0     0     0     0     0     1   0.5     |   0.5     0     0    -1   1.5     '     0     0     0     0     0     1   0.5     '     0     0     0     0     0     1  -0.5     |     2
     0     0     0     0     0     0  -0.5     |  -0.5     0     1     1  -0.5     '     0     0     0     0     0     0  -0.5     '     0     0     0     0     0     0   0.5     |     5


==========================================================================================================================================================================================

Tableau 1 -> Eliminar 6x7:

------------------------------------------------------------------------------------------------------------------------------------------------------------------------------------------
     0     1     2     3     4     5     6     |     7     8     9    10    11     |    12    13    14    15    16    17    18     |    19    20    21    22    23    24    25     |    26
------------------------------------------------------------------------------------------------------------------------------------------------------------------------------------------
     1    -1    -1     1    -1     0     1     |     0     2     0     0    -1     '     1    -1    -1     1    -1     0     1     '     0     0     0     0     0     1     0     |   -41
     -     -     -     -     -     -     -     -     -     -     -     -     -     -     -     -     -     -     -     -     -     -     -     -     -     -     -     -     -     -     -
    -1     0     0     0     0     3     2     |     0     0     0    -5     3     '    -1     0     0     0     0     3     2     '     1     0     0     0     0     3    -2     |    10
     0     1     0     0     0    -3    -2     |     0    -2     0     4    -4     '     0     1     0     0     0    -3    -2     '     0     1     0     0     0    -3     2     |     5
     0     0     1     0     0     0     0     |     0     2     0    -2    -1     '     0     0     1     0     0     0     0     '     0     0     1     0     0     0     0     |     5
     0     0     0    -1     0    -1    -1     |     0    -1     0     3     0     '     0     0     0    -1     0    -1    -1     '     0     0     0     1     0    -1     1     |     6
     0     0     0     0     1     1     0     |     0    -1     0     0     3     '     0     0     0     0     1     1     0     '     0     0     0     0     1     1     0     |    15
     0     0     0     0     0     2     1     |     1     0     0    -2     3     '     0     0     0     0     0     2     1     '     0     0     0     0     0     2    -1     |     4
     0     0     0     0     0     1     0     |     0     0     1     0     1     '     0     0     0     0     0     1     0     '     0     0     0     0     0     1     0     |     7


==========================================================================================================================================================================================

Tableau 2 -> Eliminar 6x11:

------------------------------------------------------------------------------------------------------------------------------------------------------------------------------------------
     0     1     2     3     4     5     6     |     7     8     9    10    11     |    12    13    14    15    16    17    18     |    19    20    21    22    23    24    25     |    26
------------------------------------------------------------------------------------------------------------------------------------------------------------------------------------------
     1    -1    -1     1    -1  0.67   1.3     |  0.33     2     0 -0.67     0     '     1    -1    -1     1    -1  0.67   1.3     '     0     0     0     0     0   1.7 -0.33     |   -40
     -     -     -     -     -     -     -     -     -     -     -     -     -     -     -     -     -     -     -     -     -     -     -     -     -     -     -     -     -     -     -
    -1     0     0     0     0     1     1     |    -1     0     0    -3     0     '    -1     0     0     0     0     1     1     '     1     0     0     0     0     1    -1     |     6
     0     1     0     0     0 -0.33 -0.67     |   1.3    -2     0   1.3     0     '     0     1     0     0     0 -0.33 -0.67     '     0     1     0     0     0 -0.33  0.67     |    10
     0     0     1     0     0  0.67  0.33     |  0.33     2     0  -2.7     0     '     0     0     1     0     0  0.67  0.33     '     0     0     1     0     0  0.67 -0.33     |   6.3
     0     0     0    -1     0    -1    -1     |     0    -1     0     3     0     '     0     0     0    -1     0    -1    -1     '     0     0     0     1     0    -1     1     |     6
     0     0     0     0     1    -1    -1     |    -1    -1     0     2     0     '     0     0     0     0     1    -1    -1     '     0     0     0     0     1    -1     1     |    11
     0     0     0     0     0  0.67  0.33     |  0.33     0     0 -0.67     1     '     0     0     0     0     0  0.67  0.33     '     0     0     0     0     0  0.67 -0.33     |   1.3
     0     0     0     0     0  0.33 -0.33     | -0.33     0     1  0.67     0     '     0     0     0     0     0  0.33 -0.33     '     0     0     0     0     0  0.33  0.33     |   5.7


==========================================================================================================================================================================================

Tableau 3 -> Eliminar 4x10:

------------------------------------------------------------------------------------------------------------------------------------------------------------------------------------------
     0     1     2     3     4     5     6     |     7     8     9    10    11     |    12    13    14    15    16    17    18     |    19    20    21    22    23    24    25     |    26
------------------------------------------------------------------------------------------------------------------------------------------------------------------------------------------
     1    -1    -1  0.78    -1  0.44   1.1     |  0.33   1.8     0     0     0     '     1    -1    -1  0.78    -1  0.44   1.1     '     0     0     0  0.22     0   1.4 -0.11     |   -38
     -     -     -     -     -     -     -     -     -     -     -     -     -     -     -     -     -     -     -     -     -     -     -     -     -     -     -     -     -     -     -
    -1     0     0    -1     0     0     0     |    -1    -1     0     0     0     '    -1     0     0    -1     0     0     0     '     1     0     0     1     0     0     0     |    12
     0     1     0  0.44     0  0.11 -0.22     |   1.3  -1.6     0     0     0     '     0     1     0  0.44     0  0.11 -0.22     '     0     1     0 -0.44     0  0.11  0.22     |   7.7
     0     0     1 -0.89     0 -0.22 -0.56     |  0.33   1.1     0     0     0     '     0     0     1 -0.89     0 -0.22 -0.56     '     0     0     1  0.89     0 -0.22  0.56     |    12
     0     0     0 -0.33     0 -0.33 -0.33     |     0 -0.33     0     1     0     '     0     0     0 -0.33     0 -0.33 -0.33     '     0     0     0  0.33     0 -0.33  0.33     |     2
     0     0     0  0.67     1 -0.33 -0.33     |    -1 -0.33     0     0     0     '     0     0     0  0.67     1 -0.33 -0.33     '     0     0     0 -0.67     1 -0.33  0.33     |     7
     0     0     0 -0.22     0  0.44  0.11     |  0.33 -0.22     0     0     1     '     0     0     0 -0.22     0  0.44  0.11     '     0     0     0  0.22     0  0.44 -0.11     |   2.7
     0     0     0  0.22     0  0.56 -0.11     | -0.33  0.22     1     0     0     '     0     0     0  0.22     0  0.56 -0.11     '     0     0     0 -0.22     0  0.56  0.11     |   4.3


==========================================================================================================================================================================================

Tableau 4 -> Eliminar 2x13:

------------------------------------------------------------------------------------------------------------------------------------------------------------------------------------------
     0     1     2     3     4     5     6     |     7     8     9    10    11     |    12    13    14    15    16    17    18     |    19    20    21    22    23    24    25     |    26
------------------------------------------------------------------------------------------------------------------------------------------------------------------------------------------
     1     0    -1   1.2    -1  0.56  0.89     |   1.7  0.22     0     0     0     '     1     0    -1   1.2    -1  0.56  0.89     '     0     1     0 -0.22     0   1.6  0.11     |   -31
     -     -     -     -     -     -     -     -     -     -     -     -     -     -     -     -     -     -     -     -     -     -     -     -     -     -     -     -     -     -     -
    -1     0     0    -1     0     0     0     |    -1    -1     0     0     0     '    -1     0     0    -1     0     0     0     '     1     0     0     1     0     0     0     |    12
     0     1     0  0.44     0  0.11 -0.22     |   1.3  -1.6     0     0     0     '     0     1     0  0.44     0  0.11 -0.22     '     0     1     0 -0.44     0  0.11  0.22     |   7.7
     0     0     1 -0.89     0 -0.22 -0.56     |  0.33   1.1     0     0     0     '     0     0     1 -0.89     0 -0.22 -0.56     '     0     0     1  0.89     0 -0.22  0.56     |    12
     0     0     0 -0.33     0 -0.33 -0.33     |     0 -0.33     0     1     0     '     0     0     0 -0.33     0 -0.33 -0.33     '     0     0     0  0.33     0 -0.33  0.33     |     2
     0     0     0  0.67     1 -0.33 -0.33     |    -1 -0.33     0     0     0     '     0     0     0  0.67     1 -0.33 -0.33     '     0     0     0 -0.67     1 -0.33  0.33     |     7
     0     0     0 -0.22     0  0.44  0.11     |  0.33 -0.22     0     0     1     '     0     0     0 -0.22     0  0.44  0.11     '     0     0     0  0.22     0  0.44 -0.11     |   2.7
     0     0     0  0.22     0  0.56 -0.11     | -0.33  0.22     1     0     0     '     0     0     0  0.22     0  0.56 -0.11     '     0     0     0 -0.22     0  0.56  0.11     |   4.3


==========================================================================================================================================================================================

Tableau 5 -> Eliminar 3x14:

------------------------------------------------------------------------------------------------------------------------------------------------------------------------------------------
     0     1     2     3     4     5     6     |     7     8     9    10    11     |    12    13    14    15    16    17    18     |    19    20    21    22    23    24    25     |    26
------------------------------------------------------------------------------------------------------------------------------------------------------------------------------------------
     1     0     0  0.33    -1  0.33  0.33     |     2   1.3     0     0     0     '     1     0     0  0.33    -1  0.33  0.33     '     0     1     1  0.67     0   1.3  0.67     |   -19
     -     -     -     -     -     -     -     -     -     -     -     -     -     -     -     -     -     -     -     -     -     -     -     -     -     -     -     -     -     -     -
    -1     0     0    -1     0     0     0     |    -1    -1     0     0     0     '    -1     0     0    -1     0     0     0     '     1     0     0     1     0     0     0     |    12
     0     1     0  0.44     0  0.11 -0.22     |   1.3  -1.6     0     0     0     '     0     1     0  0.44     0  0.11 -0.22     '     0     1     0 -0.44     0  0.11  0.22     |   7.7
     0     0     1 -0.89     0 -0.22 -0.56     |  0.33   1.1     0     0     0     '     0     0     1 -0.89     0 -0.22 -0.56     '     0     0     1  0.89     0 -0.22  0.56     |    12
     0     0     0 -0.33     0 -0.33 -0.33     |     0 -0.33     0     1     0     '     0     0     0 -0.33     0 -0.33 -0.33     '     0     0     0  0.33     0 -0.33  0.33     |     2
     0     0     0  0.67     1 -0.33 -0.33     |    -1 -0.33     0     0     0     '     0     0     0  0.67     1 -0.33 -0.33     '     0     0     0 -0.67     1 -0.33  0.33     |     7
     0     0     0 -0.22     0  0.44  0.11     |  0.33 -0.22     0     0     1     '     0     0     0 -0.22     0  0.44  0.11     '     0     0     0  0.22     0  0.44 -0.11     |   2.7
     0     0     0  0.22     0  0.56 -0.11     | -0.33  0.22     1     0     0     '     0     0     0  0.22     0  0.56 -0.11     '     0     0     0 -0.22     0  0.56  0.11     |   4.3


==========================================================================================================================================================================================

Tableau 6 -> Eliminar 5x16:

------------------------------------------------------------------------------------------------------------------------------------------------------------------------------------------
     0     1     2     3     4     5     6     |     7     8     9    10    11     |    12    13    14    15    16    17    18     |    19    20    21    22    23    24    25     |    26
------------------------------------------------------------------------------------------------------------------------------------------------------------------------------------------
     1     0     0     1     0     0     0     |     1     1     0     0     0     '     1     0     0     1     0     0     0     '     0     1     1     0     1     1     1     |   -12
     -     -     -     -     -     -     -     -     -     -     -     -     -     -     -     -     -     -     -     -     -     -     -     -     -     -     -     -     -     -     -
    -1     0     0    -1     0     0     0     |    -1    -1     0     0     0     '    -1     0     0    -1     0     0     0     '     1     0     0     1     0     0     0     |    12
     0     1     0  0.44     0  0.11 -0.22     |   1.3  -1.6     0     0     0     '     0     1     0  0.44     0  0.11 -0.22     '     0     1     0 -0.44     0  0.11  0.22     |   7.7
     0     0     1 -0.89     0 -0.22 -0.56     |  0.33   1.1     0     0     0     '     0     0     1 -0.89     0 -0.22 -0.56     '     0     0     1  0.89     0 -0.22  0.56     |    12
     0     0     0 -0.33     0 -0.33 -0.33     |     0 -0.33     0     1     0     '     0     0     0 -0.33     0 -0.33 -0.33     '     0     0     0  0.33     0 -0.33  0.33     |     2
     0     0     0  0.67     1 -0.33 -0.33     |    -1 -0.33     0     0     0     '     0     0     0  0.67     1 -0.33 -0.33     '     0     0     0 -0.67     1 -0.33  0.33     |     7
     0     0     0 -0.22     0  0.44  0.11     |  0.33 -0.22     0     0     1     '     0     0     0 -0.22     0  0.44  0.11     '     0     0     0  0.22     0  0.44 -0.11     |   2.7
     0     0     0  0.22     0  0.56 -0.11     | -0.33  0.22     1     0     0     '     0     0     0  0.22     0  0.56 -0.11     '     0     0     0 -0.22     0  0.56  0.11     |   4.3


==========================================================================================================================================================================================

inviavel
1 0 0 1 0 0 0 
