Tableau inicial:

------------------------------------------------------------------------------------------------------------------------------------------------------------------------------------------
     0     1     2     3     4     5     6     |     7     8     9    10    11     |    12    13    14    15    16    17    18     |    19    20    21    22    23    24    25     |    26
------------------------------------------------------------------------------------------------------------------------------------------------------------------------------------------
     0     0     0     0     0     0     0     |    -5     8   -10     3     6     '     0     0     0     0     0     0     0     '     0     0     0     0     0     0     0     |     0
     -     -     -     -     -     -     -     -     -     -     -     -     -     -     -     -     -     -     -     -     -     -     -     -     -     -     -     -     -     -     -
     1     0     0     0     0     0     0     |     1     2     1    -2     2     '     1     0     0     0     0     0     0     '     0     0     0     0     0     0     0     |     0
     0     1     0     0     0     0     0     |     1     2     2     1     2     '     0     1     0     0     0     0     0     '     0     0     0     0     0     0     0     |    -7
     0     0     1     0     0     0     0     |    -2    -1     2     0     1     '     0     0     1     0     0     0     0     '     0     0     0     0     0     0     0     |    -7
     0     0     0     1     0     0     0     |    -2     1     2    -1     1     '     0     0     0     1     0     0     0     '     0     0     0     0     0     0     0     |   -10
     0     0     0     0     1     0     0     |     0     1     1     2    -1     '     0     0     0     0     1     0     0     '     0     0     0     0     0     0     0     |     0
     0     0     0     0     0     1     0     |    -2    -1     2    -2    -2     '     0     0     0     0     0     1     0     '     0     0     0     0     0     0     0     |     1
     0     0     0     0     0     0     1     |    -1     0    -1    -2     0     '     0     0     0     0     0     0     1     '     0     0     0     0     0     0     0     |    -3


==========================================================================================================================================================================================

Tableau tratado:

------------------------------------------------------------------------------------------------------------------------------------------------------------------------------------------
     0     1     2     3     4     5     6     |     7     8     9    10    11     |    12    13    14    15    16    17    18     |    19    20    21    22    23    24    25     |    26
------------------------------------------------------------------------------------------------------------------------------------------------------------------------------------------
     0     0     0     0     0     0     0     |    -5     8   -10     3     6     '     0     0     0     0     0     0     0     '     0     0     0     0     0     0     0     |     0
     -     -     -     -     -     -     -     -     -     -     -     -     -     -     -     -     -     -     -     -     -     -     -     -     -     -     -     -     -     -     -
     1     0     0     0     0     0     0     |     1     2     1    -2     2     '     1     0     0     0     0     0     0     '     0     0     0     0     0     0     0     |     0
     0    -1     0     0     0     0     0     |    -1    -2    -2    -1    -2     '     0    -1     0     0     0     0     0     '     0     0     0     0     0     0     0     |     7
     0     0    -1     0     0     0     0     |     2     1    -2     0    -1     '     0     0    -1     0     0     0     0     '     0     0     0     0     0     0     0     |     7
     0     0     0    -1     0     0     0     |     2    -1    -2     1    -1     '     0     0     0    -1     0     0     0     '     0     0     0     0     0     0     0     |    10
     0     0     0     0     1     0     0     |     0     1     1     2    -1     '     0     0     0     0     1     0     0     '     0     0     0     0     0     0     0     |     0
     0     0     0     0     0     1     0     |    -2    -1     2    -2    -2     '     0     0     0     0     0     1     0     '     0     0     0     0     0     0     0     |     1
     0     0     0     0     0     0    -1     |     1     0     1     2     0     '     0     0     0     0     0     0    -1     '     0     0     0     0     0     0     0     |     3


==========================================================================================================================================================================================

------------
PL Auxiliar:

------------------------------------------------------------------------------------------------------------------------------------------------------------------------------------------
     0     1     2     3     4     5     6     |     7     8     9    10    11     |    12    13    14    15    16    17    18     |    19    20    21    22    23    24    25     |    26
------------------------------------------------------------------------------------------------------------------------------------------------------------------------------------------
     0     0     0     0     0     0     0     |     0     0     0     0     0     '     0     0     0     0     0     0     0     '     1     1     1     1     1     1     1     |     0
     -     -     -     -     -     -     -     -     -     -     -     -     -     -     -     -     -     -     -     -     -     -     -     -     -     -     -     -     -     -     -
     1     0     0     0     0     0     0     |     1     2     1    -2     2     '     1     0     0     0     0     0     0     '     1     0     0     0     0     0     0     |     0
     0    -1     0     0     0     0     0     |    -1    -2    -2    -1    -2     '     0    -1     0     0     0     0     0     '     0     1     0     0     0     0     0     |     7
     0     0    -1     0     0     0     0     |     2     1    -2     0    -1     '     0     0    -1     0     0     0     0     '     0     0     1     0     0     0     0     |     7
     0     0     0    -1     0     0     0     |     2    -1    -2     1    -1     '     0     0     0    -1     0     0     0     '     0     0     0     1     0     0     0     |    10
     0     0     0     0     1     0     0     |     0     1     1     2    -1     '     0     0     0     0     1     0     0     '     0     0     0     0     1     0     0     |     0
     0     0     0     0     0     1     0     |    -2    -1     2    -2    -2     '     0     0     0     0     0     1     0     '     0     0     0     0     0     1     0     |     1
     0     0     0     0     0     0    -1     |     1     0     1     2     0     '     0     0     0     0     0     0    -1     '     0     0     0     0     0     0     1     |     3


==========================================================================================================================================================================================


------------------------------------------------------------------------------------------------------------------------------------------------------------------------------------------
     0     1     2     3     4     5     6     |     7     8     9    10    11     |    12    13    14    15    16    17    18     |    19    20    21    22    23    24    25     |    26
------------------------------------------------------------------------------------------------------------------------------------------------------------------------------------------
    -1     1     1     1    -1    -1     1     |    -3     0     1     0     5     '    -1     1     1     1    -1    -1     1     '     0     0     0     0     0     0     0     |   -28
     -     -     -     -     -     -     -     -     -     -     -     -     -     -     -     -     -     -     -     -     -     -     -     -     -     -     -     -     -     -     -
     1     0     0     0     0     0     0     |     1     2     1    -2     2     '     1     0     0     0     0     0     0     '     1     0     0     0     0     0     0     |     0
     0    -1     0     0     0     0     0     |    -1    -2    -2    -1    -2     '     0    -1     0     0     0     0     0     '     0     1     0     0     0     0     0     |     7
     0     0    -1     0     0     0     0     |     2     1    -2     0    -1     '     0     0    -1     0     0     0     0     '     0     0     1     0     0     0     0     |     7
     0     0     0    -1     0     0     0     |     2    -1    -2     1    -1     '     0     0     0    -1     0     0     0     '     0     0     0     1     0     0     0     |    10
     0     0     0     0     1     0     0     |     0     1     1     2    -1     '     0     0     0     0     1     0     0     '     0     0     0     0     1     0     0     |     0
     0     0     0     0     0     1     0     |    -2    -1     2    -2    -2     '     0     0     0     0     0     1     0     '     0     0     0     0     0     1     0     |     1
     0     0     0     0     0     0    -1     |     1     0     1     2     0     '     0     0     0     0     0     0    -1     '     0     0     0     0     0     0     1     |     3


==========================================================================================================================================================================================

Tableau 0 -> Eliminar 1x7:

------------------------------------------------------------------------------------------------------------------------------------------------------------------------------------------
     0     1     2     3     4     5     6     |     7     8     9    10    11     |    12    13    14    15    16    17    18     |    19    20    21    22    23    24    25     |    26
------------------------------------------------------------------------------------------------------------------------------------------------------------------------------------------
     2     1     1     1    -1    -1     1     |     0     6     4    -6    11     '     2     1     1     1    -1    -1     1     '     3     0     0     0     0     0     0     |   -28
     -     -     -     -     -     -     -     -     -     -     -     -     -     -     -     -     -     -     -     -     -     -     -     -     -     -     -     -     -     -     -
     1     0     0     0     0     0     0     |     1     2     1    -2     2     '     1     0     0     0     0     0     0     '     1     0     0     0     0     0     0     |     0
     1    -1     0     0     0     0     0     |     0     0    -1    -3     0     '     1    -1     0     0     0     0     0     '     1     1     0     0     0     0     0     |     7
    -2     0    -1     0     0     0     0     |     0    -3    -4     4    -5     '    -2     0    -1     0     0     0     0     '    -2     0     1     0     0     0     0     |     7
    -2     0     0    -1     0     0     0     |     0    -5    -4     5    -5     '    -2     0     0    -1     0     0     0     '    -2     0     0     1     0     0     0     |    10
     0     0     0     0     1     0     0     |     0     1     1     2    -1     '     0     0     0     0     1     0     0     '     0     0     0     0     1     0     0     |     0
     2     0     0     0     0     1     0     |     0     3     4    -6     2     '     2     0     0     0     0     1     0     '     2     0     0     0     0     1     0     |     1
    -1     0     0     0     0     0    -1     |     0    -2     0     4    -2     '    -1     0     0     0     0     0    -1     '    -1     0     0     0     0     0     1     |     3


==========================================================================================================================================================================================

Tableau 1 -> Eliminar 5x10:

------------------------------------------------------------------------------------------------------------------------------------------------------------------------------------------
     0     1     2     3     4     5     6     |     7     8     9    10    11     |    12    13    14    15    16    17    18     |    19    20    21    22    23    24    25     |    26
------------------------------------------------------------------------------------------------------------------------------------------------------------------------------------------
     2     1     1     1     2    -1     1     |     0     9     7     0     8     '     2     1     1     1     2    -1     1     '     3     0     0     0     3     0     0     |   -28
     -     -     -     -     -     -     -     -     -     -     -     -     -     -     -     -     -     -     -     -     -     -     -     -     -     -     -     -     -     -     -
     1     0     0     0     1     0     0     |     1     3     2     0     1     '     1     0     0     0     1     0     0     '     1     0     0     0     1     0     0     |     0
     1    -1     0     0   1.5     0     0     |     0   1.5   0.5     0  -1.5     '     1    -1     0     0   1.5     0     0     '     1     1     0     0   1.5     0     0     |     7
    -2     0    -1     0    -2     0     0     |     0    -5    -6     0    -3     '    -2     0    -1     0    -2     0     0     '    -2     0     1     0    -2     0     0     |     7
    -2     0     0    -1  -2.5     0     0     |     0  -7.5  -6.5     0  -2.5     '    -2     0     0    -1  -2.5     0     0     '    -2     0     0     1  -2.5     0     0     |    10
     0     0     0     0   0.5     0     0     |     0   0.5   0.5     1  -0.5     '     0     0     0     0   0.5     0     0     '     0     0     0     0   0.5     0     0     |     0
     2     0     0     0     3     1     0     |     0     6     7     0    -1     '     2     0     0     0     3     1     0     '     2     0     0     0     3     1     0     |     1
    -1     0     0     0    -2     0    -1     |     0    -4    -2     0     0     '    -1     0     0     0    -2     0    -1     '    -1     0     0     0    -2     0     1     |     3


==========================================================================================================================================================================================

Tableau 2 -> Eliminar 6x17:

------------------------------------------------------------------------------------------------------------------------------------------------------------------------------------------
     0     1     2     3     4     5     6     |     7     8     9    10    11     |    12    13    14    15    16    17    18     |    19    20    21    22    23    24    25     |    26
------------------------------------------------------------------------------------------------------------------------------------------------------------------------------------------
     4     1     1     1     5     0     1     |     0    15    14     0     7     '     4     1     1     1     5     0     1     '     5     0     0     0     6     1     0     |   -27
     -     -     -     -     -     -     -     -     -     -     -     -     -     -     -     -     -     -     -     -     -     -     -     -     -     -     -     -     -     -     -
     1     0     0     0     1     0     0     |     1     3     2     0     1     '     1     0     0     0     1     0     0     '     1     0     0     0     1     0     0     |     0
     1    -1     0     0   1.5     0     0     |     0   1.5   0.5     0  -1.5     '     1    -1     0     0   1.5     0     0     '     1     1     0     0   1.5     0     0     |     7
    -2     0    -1     0    -2     0     0     |     0    -5    -6     0    -3     '    -2     0    -1     0    -2     0     0     '    -2     0     1     0    -2     0     0     |     7
    -2     0     0    -1  -2.5     0     0     |     0  -7.5  -6.5     0  -2.5     '    -2     0     0    -1  -2.5     0     0     '    -2     0     0     1  -2.5     0     0     |    10
     0     0     0     0   0.5     0     0     |     0   0.5   0.5     1  -0.5     '     0     0     0     0   0.5     0     0     '     0     0     0     0   0.5     0     0     |     0
     2     0     0     0     3     1     0     |     0     6     7     0    -1     '     2     0     0     0     3     1     0     '     2     0     0     0     3     1     0     |     1
    -1     0     0     0    -2     0    -1     |     0    -4    -2     0     0     '    -1     0     0     0    -2     0    -1     '    -1     0     0     0    -2     0     1     |     3


==========================================================================================================================================================================================

inviavel
4 1 1 1 5 0 1 
