Tableau inicial:

------------------------------------------------------------------------------------------------------------------------------------------------------
     0     1     2     3     4     |     5     6     7     8     9     |    10    11    12    13    14     |    15    16    17    18    19     |    20
------------------------------------------------------------------------------------------------------------------------------------------------------
     0     0     0     0     0     |     3     0     7     5    -8     '     0     0     0     0     0     '     0     0     0     0     0     |     0
     -     -     -     -     -     -     -     -     -     -     -     -     -     -     -     -     -     -     -     -     -     -     -     -     -
     1     0     0     0     0     |     2    -1     1    -1    -2     '     1     0     0     0     0     '     0     0     0     0     0     |     6
     0     1     0     0     0     |    -1     2    -1     0    -2     '     0     1     0     0     0     '     0     0     0     0     0     |     6
     0     0     1     0     0     |     2     2     2    -1     0     '     0     0     1     0     0     '     0     0     0     0     0     |    -2
     0     0     0     1     0     |     2    -1     0    -2     2     '     0     0     0     1     0     '     0     0     0     0     0     |    -7
     0     0     0     0     1     |    -2     2     2    -2    -2     '     0     0     0     0     1     '     0     0     0     0     0     |    -2


======================================================================================================================================================

Tableau tratado:

------------------------------------------------------------------------------------------------------------------------------------------------------
     0     1     2     3     4     |     5     6     7     8     9     |    10    11    12    13    14     |    15    16    17    18    19     |    20
------------------------------------------------------------------------------------------------------------------------------------------------------
     0     0     0     0     0     |     3     0     7     5    -8     '     0     0     0     0     0     '     0     0     0     0     0     |     0
     -     -     -     -     -     -     -     -     -     -     -     -     -     -     -     -     -     -     -     -     -     -     -     -     -
     1     0     0     0     0     |     2    -1     1    -1    -2     '     1     0     0     0     0     '     0     0     0     0     0     |     6
     0     1     0     0     0     |    -1     2    -1     0    -2     '     0     1     0     0     0     '     0     0     0     0     0     |     6
     0     0    -1     0     0     |    -2    -2    -2     1     0     '     0     0    -1     0     0     '     0     0     0     0     0     |     2
     0     0     0    -1     0     |    -2     1     0     2    -2     '     0     0     0    -1     0     '     0     0     0     0     0     |     7
     0     0     0     0    -1     |     2    -2    -2     2     2     '     0     0     0     0    -1     '     0     0     0     0     0     |     2


======================================================================================================================================================

------------
PL Auxiliar:

------------------------------------------------------------------------------------------------------------------------------------------------------
     0     1     2     3     4     |     5     6     7     8     9     |    10    11    12    13    14     |    15    16    17    18    19     |    20
------------------------------------------------------------------------------------------------------------------------------------------------------
     0     0     0     0     0     |     0     0     0     0     0     '     0     0     0     0     0     '     1     1     1     1     1     |     0
     -     -     -     -     -     -     -     -     -     -     -     -     -     -     -     -     -     -     -     -     -     -     -     -     -
     1     0     0     0     0     |     2    -1     1    -1    -2     '     1     0     0     0     0     '     1     0     0     0     0     |     6
     0     1     0     0     0     |    -1     2    -1     0    -2     '     0     1     0     0     0     '     0     1     0     0     0     |     6
     0     0    -1     0     0     |    -2    -2    -2     1     0     '     0     0    -1     0     0     '     0     0     1     0     0     |     2
     0     0     0    -1     0     |    -2     1     0     2    -2     '     0     0     0    -1     0     '     0     0     0     1     0     |     7
     0     0     0     0    -1     |     2    -2    -2     2     2     '     0     0     0     0    -1     '     0     0     0     0     1     |     2


======================================================================================================================================================


------------------------------------------------------------------------------------------------------------------------------------------------------
     0     1     2     3     4     |     5     6     7     8     9     |    10    11    12    13    14     |    15    16    17    18    19     |    20
------------------------------------------------------------------------------------------------------------------------------------------------------
    -1    -1     1     1     1     |     1     2     4    -4     4     '    -1    -1     1     1     1     '     0     0     0     0     0     |   -23
     -     -     -     -     -     -     -     -     -     -     -     -     -     -     -     -     -     -     -     -     -     -     -     -     -
     1     0     0     0     0     |     2    -1     1    -1    -2     '     1     0     0     0     0     '     1     0     0     0     0     |     6
     0     1     0     0     0     |    -1     2    -1     0    -2     '     0     1     0     0     0     '     0     1     0     0     0     |     6
     0     0    -1     0     0     |    -2    -2    -2     1     0     '     0     0    -1     0     0     '     0     0     1     0     0     |     2
     0     0     0    -1     0     |    -2     1     0     2    -2     '     0     0     0    -1     0     '     0     0     0     1     0     |     7
     0     0     0     0    -1     |     2    -2    -2     2     2     '     0     0     0     0    -1     '     0     0     0     0     1     |     2


======================================================================================================================================================

Tableau 0 -> Eliminar 5x8:

------------------------------------------------------------------------------------------------------------------------------------------------------
     0     1     2     3     4     |     5     6     7     8     9     |    10    11    12    13    14     |    15    16    17    18    19     |    20
------------------------------------------------------------------------------------------------------------------------------------------------------
    -1    -1     1     1    -1     |     5    -2     0     0     8     '    -1    -1     1     1    -1     '     0     0     0     0     2     |   -19
     -     -     -     -     -     -     -     -     -     -     -     -     -     -     -     -     -     -     -     -     -     -     -     -     -
     1     0     0     0  -0.5     |     3    -2     0     0    -1     '     1     0     0     0  -0.5     '     1     0     0     0   0.5     |     7
     0     1     0     0     0     |    -1     2    -1     0    -2     '     0     1     0     0     0     '     0     1     0     0     0     |     6
     0     0    -1     0   0.5     |    -3    -1    -1     0    -1     '     0     0    -1     0   0.5     '     0     0     1     0  -0.5     |     1
     0     0     0    -1     1     |    -4     3     2     0    -4     '     0     0     0    -1     1     '     0     0     0     1    -1     |     5
     0     0     0     0  -0.5     |     1    -1    -1     1     1     '     0     0     0     0  -0.5     '     0     0     0     0   0.5     |     1


======================================================================================================================================================

Tableau 1 -> Eliminar 4x6:

------------------------------------------------------------------------------------------------------------------------------------------------------
     0     1     2     3     4     |     5     6     7     8     9     |    10    11    12    13    14     |    15    16    17    18    19     |    20
------------------------------------------------------------------------------------------------------------------------------------------------------
    -1    -1     1  0.33 -0.33     |   2.3     0   1.3     0   5.3     '    -1    -1     1  0.33 -0.33     '     0     0     0  0.67   1.3     |   -16
     -     -     -     -     -     -     -     -     -     -     -     -     -     -     -     -     -     -     -     -     -     -     -     -     -
     1     0     0 -0.67  0.17     |  0.33     0   1.3     0  -3.7     '     1     0     0 -0.67  0.17     '     1     0     0  0.67 -0.17     |    10
     0     1     0  0.67 -0.67     |   1.7     0  -2.3     0  0.67     '     0     1     0  0.67 -0.67     '     0     1     0 -0.67  0.67     |   2.7
     0     0    -1 -0.33  0.83     |  -4.3     0 -0.33     0  -2.3     '     0     0    -1 -0.33  0.83     '     0     0     1  0.33 -0.83     |   2.7
     0     0     0 -0.33  0.33     |  -1.3     1  0.67     0  -1.3     '     0     0     0 -0.33  0.33     '     0     0     0  0.33 -0.33     |   1.7
     0     0     0 -0.33 -0.17     | -0.33     0 -0.33     1 -0.33     '     0     0     0 -0.33 -0.17     '     0     0     0  0.33  0.17     |   2.7


======================================================================================================================================================

Tableau 2 -> Eliminar 1x10:

------------------------------------------------------------------------------------------------------------------------------------------------------
     0     1     2     3     4     |     5     6     7     8     9     |    10    11    12    13    14     |    15    16    17    18    19     |    20
------------------------------------------------------------------------------------------------------------------------------------------------------
     0    -1     1 -0.33 -0.17     |   2.7     0   2.7     0   1.7     '     0    -1     1 -0.33 -0.17     '     1     0     0   1.3   1.2     |  -5.3
     -     -     -     -     -     -     -     -     -     -     -     -     -     -     -     -     -     -     -     -     -     -     -     -     -
     1     0     0 -0.67  0.17     |  0.33     0   1.3     0  -3.7     '     1     0     0 -0.67  0.17     '     1     0     0  0.67 -0.17     |    10
     0     1     0  0.67 -0.67     |   1.7     0  -2.3     0  0.67     '     0     1     0  0.67 -0.67     '     0     1     0 -0.67  0.67     |   2.7
     0     0    -1 -0.33  0.83     |  -4.3     0 -0.33     0  -2.3     '     0     0    -1 -0.33  0.83     '     0     0     1  0.33 -0.83     |   2.7
     0     0     0 -0.33  0.33     |  -1.3     1  0.67     0  -1.3     '     0     0     0 -0.33  0.33     '     0     0     0  0.33 -0.33     |   1.7
     0     0     0 -0.33 -0.17     | -0.33     0 -0.33     1 -0.33     '     0     0     0 -0.33 -0.17     '     0     0     0  0.33  0.17     |   2.7


======================================================================================================================================================

Tableau 3 -> Eliminar 2x11:

------------------------------------------------------------------------------------------------------------------------------------------------------
     0     1     2     3     4     |     5     6     7     8     9     |    10    11    12    13    14     |    15    16    17    18    19     |    20
------------------------------------------------------------------------------------------------------------------------------------------------------
     0     0     1  0.33 -0.83     |   4.3     0  0.33     0   2.3     '     0     0     1  0.33 -0.83     '     1     1     0  0.67   1.8     |  -2.7
     -     -     -     -     -     -     -     -     -     -     -     -     -     -     -     -     -     -     -     -     -     -     -     -     -
     1     0     0 -0.67  0.17     |  0.33     0   1.3     0  -3.7     '     1     0     0 -0.67  0.17     '     1     0     0  0.67 -0.17     |    10
     0     1     0  0.67 -0.67     |   1.7     0  -2.3     0  0.67     '     0     1     0  0.67 -0.67     '     0     1     0 -0.67  0.67     |   2.7
     0     0    -1 -0.33  0.83     |  -4.3     0 -0.33     0  -2.3     '     0     0    -1 -0.33  0.83     '     0     0     1  0.33 -0.83     |   2.7
     0     0     0 -0.33  0.33     |  -1.3     1  0.67     0  -1.3     '     0     0     0 -0.33  0.33     '     0     0     0  0.33 -0.33     |   1.7
     0     0     0 -0.33 -0.17     | -0.33     0 -0.33     1 -0.33     '     0     0     0 -0.33 -0.17     '     0     0     0  0.33  0.17     |   2.7


======================================================================================================================================================

Tableau 4 -> Eliminar 3x14:

------------------------------------------------------------------------------------------------------------------------------------------------------
     0     1     2     3     4     |     5     6     7     8     9     |    10    11    12    13    14     |    15    16    17    18    19     |    20
------------------------------------------------------------------------------------------------------------------------------------------------------
     0     0     0     0     0     |     0     0     0     0     0     '     0     0     0     0     0     '     1     1     1     1     1     |     0
     -     -     -     -     -     -     -     -     -     -     -     -     -     -     -     -     -     -     -     -     -     -     -     -     -
     1     0   0.2  -0.6     0     |   1.2     0   1.4     0  -3.2     '     1     0   0.2  -0.6     0     '     1     0  -0.2   0.6     0     |   9.8
     0     1  -0.8   0.4     0     |  -1.8     0  -2.6     0  -1.2     '     0     1  -0.8   0.4     0     '     0     1   0.8  -0.4     0     |   4.8
     0     0  -1.2  -0.4     1     |  -5.2     0  -0.4     0  -2.8     '     0     0  -1.2  -0.4     1     '     0     0   1.2   0.4    -1     |   3.2
     0     0   0.4  -0.2     0     |   0.4     1   0.8     0  -0.4     '     0     0   0.4  -0.2     0     '     0     0  -0.4   0.2     0     |   0.6
     0     0  -0.2  -0.4     0     |  -1.2     0  -0.4     1  -0.8     '     0     0  -0.2  -0.4     0     '     0     0   0.2   0.4     0     |   3.2


======================================================================================================================================================

Tableau sem identidade:

------------------------------------------------------------------------------------------------------------------------------------------------------
     0     1     2     3     4     |     5     6     7     8     9     |    10    11    12    13    14     |    15    16    17    18    19     |    20
------------------------------------------------------------------------------------------------------------------------------------------------------
     0     0     0     0     0     |     0     0     0     0     0     '     0     0     0     0     0     '     0     0     0     0     0     |     0
     -     -     -     -     -     -     -     -     -     -     -     -     -     -     -     -     -     -     -     -     -     -     -     -     -
     1     0   0.2  -0.6     0     |   1.2     0   1.4     0  -3.2     '     1     0   0.2  -0.6     0     '     0     0     0     0     0     |   9.8
     0     1  -0.8   0.4     0     |  -1.8     0  -2.6     0  -1.2     '     0     1  -0.8   0.4     0     '     0     0     0     0     0     |   4.8
     0     0  -1.2  -0.4     1     |  -5.2     0  -0.4     0  -2.8     '     0     0  -1.2  -0.4     1     '     0     0     0     0     0     |   3.2
     0     0   0.4  -0.2     0     |   0.4     1   0.8     0  -0.4     '     0     0   0.4  -0.2     0     '     0     0     0     0     0     |   0.6
     0     0  -0.2  -0.4     0     |  -1.2     0  -0.4     1  -0.8     '     0     0  -0.2  -0.4     0     '     0     0     0     0     0     |   3.2


======================================================================================================================================================

Tableau com b original:

------------------------------------------------------------------------------------------------------------------------------------------------------
     0     1     2     3     4     |     5     6     7     8     9     |    10    11    12    13    14     |    15    16    17    18    19     |    20
------------------------------------------------------------------------------------------------------------------------------------------------------
     0     0     0     0     0     |     3     0     7     5    -8     '     0     0     0     0     0     '     0     0     0     0     0     |     0
     -     -     -     -     -     -     -     -     -     -     -     -     -     -     -     -     -     -     -     -     -     -     -     -     -
     1     0   0.2  -0.6     0     |   1.2     0   1.4     0  -3.2     '     1     0   0.2  -0.6     0     '     0     0     0     0     0     |   9.8
     0     1  -0.8   0.4     0     |  -1.8     0  -2.6     0  -1.2     '     0     1  -0.8   0.4     0     '     0     0     0     0     0     |   4.8
     0     0  -1.2  -0.4     1     |  -5.2     0  -0.4     0  -2.8     '     0     0  -1.2  -0.4     1     '     0     0     0     0     0     |   3.2
     0     0   0.4  -0.2     0     |   0.4     1   0.8     0  -0.4     '     0     0   0.4  -0.2     0     '     0     0     0     0     0     |   0.6
     0     0  -0.2  -0.4     0     |  -1.2     0  -0.4     1  -0.8     '     0     0  -0.2  -0.4     0     '     0     0     0     0     0     |   3.2


======================================================================================================================================================

ilimitada
0 0.6 0 3.2 0 
0 0.4 0 0.8 1 
