Tableau inicial:

------------------------------------------------------------------------------------------------------------------------------------------------------------------
     0     1     2     3     4     5     |     6     7     8     9     |    10    11    12    13    14    15     |    16    17    18    19    20    21     |    22
------------------------------------------------------------------------------------------------------------------------------------------------------------------
     0     0     0     0     0     0     |    -6    10     1     2     '     0     0     0     0     0     0     '     0     0     0     0     0     0     |     0
     -     -     -     -     -     -     -     -     -     -     -     -     -     -     -     -     -     -     -     -     -     -     -     -     -     -     -
     1     0     0     0     0     0     |    -1     1     1     2     '     1     0     0     0     0     0     '     0     0     0     0     0     0     |     5
     0     1     0     0     0     0     |     0     0     1    -2     '     0     1     0     0     0     0     '     0     0     0     0     0     0     |     1
     0     0     1     0     0     0     |     2    -2     1     1     '     0     0     1     0     0     0     '     0     0     0     0     0     0     |     9
     0     0     0     1     0     0     |    -1    -1     0     1     '     0     0     0     1     0     0     '     0     0     0     0     0     0     |    -1
     0     0     0     0     1     0     |     2    -1    -1     2     '     0     0     0     0     1     0     '     0     0     0     0     0     0     |     4
     0     0     0     0     0     1     |    -1    -2     0    -2     '     0     0     0     0     0     1     '     0     0     0     0     0     0     |     9


==================================================================================================================================================================

Tableau tratado:

------------------------------------------------------------------------------------------------------------------------------------------------------------------
     0     1     2     3     4     5     |     6     7     8     9     |    10    11    12    13    14    15     |    16    17    18    19    20    21     |    22
------------------------------------------------------------------------------------------------------------------------------------------------------------------
     0     0     0     0     0     0     |    -6    10     1     2     '     0     0     0     0     0     0     '     0     0     0     0     0     0     |     0
     -     -     -     -     -     -     -     -     -     -     -     -     -     -     -     -     -     -     -     -     -     -     -     -     -     -     -
     1     0     0     0     0     0     |    -1     1     1     2     '     1     0     0     0     0     0     '     0     0     0     0     0     0     |     5
     0     1     0     0     0     0     |     0     0     1    -2     '     0     1     0     0     0     0     '     0     0     0     0     0     0     |     1
     0     0     1     0     0     0     |     2    -2     1     1     '     0     0     1     0     0     0     '     0     0     0     0     0     0     |     9
     0     0     0    -1     0     0     |     1     1     0    -1     '     0     0     0    -1     0     0     '     0     0     0     0     0     0     |     1
     0     0     0     0     1     0     |     2    -1    -1     2     '     0     0     0     0     1     0     '     0     0     0     0     0     0     |     4
     0     0     0     0     0     1     |    -1    -2     0    -2     '     0     0     0     0     0     1     '     0     0     0     0     0     0     |     9


==================================================================================================================================================================

------------
PL Auxiliar:

------------------------------------------------------------------------------------------------------------------------------------------------------------------
     0     1     2     3     4     5     |     6     7     8     9     |    10    11    12    13    14    15     |    16    17    18    19    20    21     |    22
------------------------------------------------------------------------------------------------------------------------------------------------------------------
     0     0     0     0     0     0     |     0     0     0     0     '     0     0     0     0     0     0     '     1     1     1     1     1     1     |     0
     -     -     -     -     -     -     -     -     -     -     -     -     -     -     -     -     -     -     -     -     -     -     -     -     -     -     -
     1     0     0     0     0     0     |    -1     1     1     2     '     1     0     0     0     0     0     '     1     0     0     0     0     0     |     5
     0     1     0     0     0     0     |     0     0     1    -2     '     0     1     0     0     0     0     '     0     1     0     0     0     0     |     1
     0     0     1     0     0     0     |     2    -2     1     1     '     0     0     1     0     0     0     '     0     0     1     0     0     0     |     9
     0     0     0    -1     0     0     |     1     1     0    -1     '     0     0     0    -1     0     0     '     0     0     0     1     0     0     |     1
     0     0     0     0     1     0     |     2    -1    -1     2     '     0     0     0     0     1     0     '     0     0     0     0     1     0     |     4
     0     0     0     0     0     1     |    -1    -2     0    -2     '     0     0     0     0     0     1     '     0     0     0     0     0     1     |     9


==================================================================================================================================================================


------------------------------------------------------------------------------------------------------------------------------------------------------------------
     0     1     2     3     4     5     |     6     7     8     9     |    10    11    12    13    14    15     |    16    17    18    19    20    21     |    22
------------------------------------------------------------------------------------------------------------------------------------------------------------------
    -1    -1    -1     1    -1    -1     |    -3     3    -2     0     '    -1    -1    -1     1    -1    -1     '     0     0     0     0     0     0     |   -29
     -     -     -     -     -     -     -     -     -     -     -     -     -     -     -     -     -     -     -     -     -     -     -     -     -     -     -
     1     0     0     0     0     0     |    -1     1     1     2     '     1     0     0     0     0     0     '     1     0     0     0     0     0     |     5
     0     1     0     0     0     0     |     0     0     1    -2     '     0     1     0     0     0     0     '     0     1     0     0     0     0     |     1
     0     0     1     0     0     0     |     2    -2     1     1     '     0     0     1     0     0     0     '     0     0     1     0     0     0     |     9
     0     0     0    -1     0     0     |     1     1     0    -1     '     0     0     0    -1     0     0     '     0     0     0     1     0     0     |     1
     0     0     0     0     1     0     |     2    -1    -1     2     '     0     0     0     0     1     0     '     0     0     0     0     1     0     |     4
     0     0     0     0     0     1     |    -1    -2     0    -2     '     0     0     0     0     0     1     '     0     0     0     0     0     1     |     9


==================================================================================================================================================================

Tableau 0 -> Eliminar 4x6:

------------------------------------------------------------------------------------------------------------------------------------------------------------------
     0     1     2     3     4     5     |     6     7     8     9     |    10    11    12    13    14    15     |    16    17    18    19    20    21     |    22
------------------------------------------------------------------------------------------------------------------------------------------------------------------
    -1    -1    -1    -2    -1    -1     |     0     6    -2    -3     '    -1    -1    -1    -2    -1    -1     '     0     0     0     3     0     0     |   -26
     -     -     -     -     -     -     -     -     -     -     -     -     -     -     -     -     -     -     -     -     -     -     -     -     -     -     -
     1     0     0    -1     0     0     |     0     2     1     1     '     1     0     0    -1     0     0     '     1     0     0     1     0     0     |     6
     0     1     0     0     0     0     |     0     0     1    -2     '     0     1     0     0     0     0     '     0     1     0     0     0     0     |     1
     0     0     1     2     0     0     |     0    -4     1     3     '     0     0     1     2     0     0     '     0     0     1    -2     0     0     |     7
     0     0     0    -1     0     0     |     1     1     0    -1     '     0     0     0    -1     0     0     '     0     0     0     1     0     0     |     1
     0     0     0     2     1     0     |     0    -3    -1     4     '     0     0     0     2     1     0     '     0     0     0    -2     1     0     |     2
     0     0     0    -1     0     1     |     0    -1     0    -3     '     0     0     0    -1     0     1     '     0     0     0     1     0     1     |    10


==================================================================================================================================================================

Tableau 1 -> Eliminar 2x8:

------------------------------------------------------------------------------------------------------------------------------------------------------------------
     0     1     2     3     4     5     |     6     7     8     9     |    10    11    12    13    14    15     |    16    17    18    19    20    21     |    22
------------------------------------------------------------------------------------------------------------------------------------------------------------------
    -1     1    -1    -2    -1    -1     |     0     6     0    -7     '    -1     1    -1    -2    -1    -1     '     0     2     0     3     0     0     |   -24
     -     -     -     -     -     -     -     -     -     -     -     -     -     -     -     -     -     -     -     -     -     -     -     -     -     -     -
     1    -1     0    -1     0     0     |     0     2     0     3     '     1    -1     0    -1     0     0     '     1    -1     0     1     0     0     |     5
     0     1     0     0     0     0     |     0     0     1    -2     '     0     1     0     0     0     0     '     0     1     0     0     0     0     |     1
     0    -1     1     2     0     0     |     0    -4     0     5     '     0    -1     1     2     0     0     '     0    -1     1    -2     0     0     |     6
     0     0     0    -1     0     0     |     1     1     0    -1     '     0     0     0    -1     0     0     '     0     0     0     1     0     0     |     1
     0     1     0     2     1     0     |     0    -3     0     2     '     0     1     0     2     1     0     '     0     1     0    -2     1     0     |     3
     0     0     0    -1     0     1     |     0    -1     0    -3     '     0     0     0    -1     0     1     '     0     0     0     1     0     1     |    10


==================================================================================================================================================================

Tableau 2 -> Eliminar 3x9:

------------------------------------------------------------------------------------------------------------------------------------------------------------------
     0     1     2     3     4     5     |     6     7     8     9     |    10    11    12    13    14    15     |    16    17    18    19    20    21     |    22
------------------------------------------------------------------------------------------------------------------------------------------------------------------
    -1  -0.4   0.4   0.8    -1    -1     |     0   0.4     0     0     '    -1  -0.4   0.4   0.8    -1    -1     '     0   0.6   1.4   0.2     0     0     |   -16
     -     -     -     -     -     -     -     -     -     -     -     -     -     -     -     -     -     -     -     -     -     -     -     -     -     -     -
     1  -0.4  -0.6  -2.2     0     0     |     0   4.4     0     0     '     1  -0.4  -0.6  -2.2     0     0     '     1  -0.4  -0.6   2.2     0     0     |   1.4
     0   0.6   0.4   0.8     0     0     |     0  -1.6     1     0     '     0   0.6   0.4   0.8     0     0     '     0   0.6   0.4  -0.8     0     0     |   3.4
     0  -0.2   0.2   0.4     0     0     |     0  -0.8     0     1     '     0  -0.2   0.2   0.4     0     0     '     0  -0.2   0.2  -0.4     0     0     |   1.2
     0  -0.2   0.2  -0.6     0     0     |     1   0.2     0     0     '     0  -0.2   0.2  -0.6     0     0     '     0  -0.2   0.2   0.6     0     0     |   2.2
     0   1.4  -0.4   1.2     1     0     |     0  -1.4     0     0     '     0   1.4  -0.4   1.2     1     0     '     0   1.4  -0.4  -1.2     1     0     |   0.6
     0  -0.6   0.6   0.2     0     1     |     0  -3.4     0     0     '     0  -0.6   0.6   0.2     0     1     '     0  -0.6   0.6  -0.2     0     1     |    14


==================================================================================================================================================================

Tableau 3 -> Eliminar 1x10:

------------------------------------------------------------------------------------------------------------------------------------------------------------------
     0     1     2     3     4     5     |     6     7     8     9     |    10    11    12    13    14    15     |    16    17    18    19    20    21     |    22
------------------------------------------------------------------------------------------------------------------------------------------------------------------
     0  -0.8  -0.2  -1.4    -1    -1     |     0   4.8     0     0     '     0  -0.8  -0.2  -1.4    -1    -1     '     1   0.2   0.8   2.4     0     0     |   -14
     -     -     -     -     -     -     -     -     -     -     -     -     -     -     -     -     -     -     -     -     -     -     -     -     -     -     -
     1  -0.4  -0.6  -2.2     0     0     |     0   4.4     0     0     '     1  -0.4  -0.6  -2.2     0     0     '     1  -0.4  -0.6   2.2     0     0     |   1.4
     0   0.6   0.4   0.8     0     0     |     0  -1.6     1     0     '     0   0.6   0.4   0.8     0     0     '     0   0.6   0.4  -0.8     0     0     |   3.4
     0  -0.2   0.2   0.4     0     0     |     0  -0.8     0     1     '     0  -0.2   0.2   0.4     0     0     '     0  -0.2   0.2  -0.4     0     0     |   1.2
     0  -0.2   0.2  -0.6     0     0     |     1   0.2     0     0     '     0  -0.2   0.2  -0.6     0     0     '     0  -0.2   0.2   0.6     0     0     |   2.2
     0   1.4  -0.4   1.2     1     0     |     0  -1.4     0     0     '     0   1.4  -0.4   1.2     1     0     '     0   1.4  -0.4  -1.2     1     0     |   0.6
     0  -0.6   0.6   0.2     0     1     |     0  -3.4     0     0     '     0  -0.6   0.6   0.2     0     1     '     0  -0.6   0.6  -0.2     0     1     |    14


==================================================================================================================================================================

Tableau 4 -> Eliminar 5x11:

------------------------------------------------------------------------------------------------------------------------------------------------------------------
     0     1     2     3     4     5     |     6     7     8     9     |    10    11    12    13    14    15     |    16    17    18    19    20    21     |    22
------------------------------------------------------------------------------------------------------------------------------------------------------------------
     0     0 -0.43 -0.71 -0.43    -1     |     0     4     0     0     '     0     0 -0.43 -0.71 -0.43    -1     '     1     1  0.57   1.7  0.57     0     |   -14
     -     -     -     -     -     -     -     -     -     -     -     -     -     -     -     -     -     -     -     -     -     -     -     -     -     -     -
     1     0 -0.71  -1.9  0.29     0     |     0     4     0     0     '     1     0 -0.71  -1.9  0.29     0     '     1     0 -0.71   1.9  0.29     0     |   1.6
     0     0  0.57  0.29 -0.43     0     |     0    -1     1     0     '     0     0  0.57  0.29 -0.43     0     '     0     0  0.57 -0.29 -0.43     0     |   3.1
     0     0  0.14  0.57  0.14     0     |     0    -1     0     1     '     0     0  0.14  0.57  0.14     0     '     0     0  0.14 -0.57  0.14     0     |   1.3
     0     0  0.14 -0.43  0.14     0     |     1     0     0     0     '     0     0  0.14 -0.43  0.14     0     '     0     0  0.14  0.43  0.14     0     |   2.3
     0     1 -0.29  0.86  0.71     0     |     0    -1     0     0     '     0     1 -0.29  0.86  0.71     0     '     0     1 -0.29 -0.86  0.71     0     |  0.43
     0     0  0.43  0.71  0.43     1     |     0    -4     0     0     '     0     0  0.43  0.71  0.43     1     '     0     0  0.43 -0.71  0.43     1     |    14


==================================================================================================================================================================

Tableau 5 -> Eliminar 2x12:

------------------------------------------------------------------------------------------------------------------------------------------------------------------
     0     1     2     3     4     5     |     6     7     8     9     |    10    11    12    13    14    15     |    16    17    18    19    20    21     |    22
------------------------------------------------------------------------------------------------------------------------------------------------------------------
     0     0     0  -0.5 -0.75    -1     |     0   3.2  0.75     0     '     0     0     0  -0.5 -0.75    -1     '     1     1     1   1.5  0.25     0     |   -12
     -     -     -     -     -     -     -     -     -     -     -     -     -     -     -     -     -     -     -     -     -     -     -     -     -     -     -
     1     0     0  -1.5 -0.25     0     |     0   2.8   1.2     0     '     1     0     0  -1.5 -0.25     0     '     1     0     0   1.5 -0.25     0     |   5.5
     0     0     1   0.5 -0.75     0     |     0  -1.7   1.7     0     '     0     0     1   0.5 -0.75     0     '     0     0     1  -0.5 -0.75     0     |   5.5
     0     0     0   0.5  0.25     0     |     0 -0.75 -0.25     1     '     0     0     0   0.5  0.25     0     '     0     0     0  -0.5  0.25     0     |   0.5
     0     0     0  -0.5  0.25     0     |     1  0.25 -0.25     0     '     0     0     0  -0.5  0.25     0     '     0     0     0   0.5  0.25     0     |   1.5
     0     1     0     1   0.5     0     |     0  -1.5   0.5     0     '     0     1     0     1   0.5     0     '     0     1     0    -1   0.5     0     |     2
     0     0     0   0.5  0.75     1     |     0  -3.2 -0.75     0     '     0     0     0   0.5  0.75     1     '     0     0     0  -0.5  0.75     1     |    12


==================================================================================================================================================================

Tableau 6 -> Eliminar 3x13:

------------------------------------------------------------------------------------------------------------------------------------------------------------------
     0     1     2     3     4     5     |     6     7     8     9     |    10    11    12    13    14    15     |    16    17    18    19    20    21     |    22
------------------------------------------------------------------------------------------------------------------------------------------------------------------
     0     0     0     0  -0.5    -1     |     0   2.5   0.5     1     '     0     0     0     0  -0.5    -1     '     1     1     1     1   0.5     0     |   -11
     -     -     -     -     -     -     -     -     -     -     -     -     -     -     -     -     -     -     -     -     -     -     -     -     -     -     -
     1     0     0     0   0.5     0     |     0   0.5   0.5     3     '     1     0     0     0   0.5     0     '     1     0     0     0   0.5     0     |     7
     0     0     1     0    -1     0     |     0    -1     2    -1     '     0     0     1     0    -1     0     '     0     0     1     0    -1     0     |     5
     0     0     0     1   0.5     0     |     0  -1.5  -0.5     2     '     0     0     0     1   0.5     0     '     0     0     0    -1   0.5     0     |     1
     0     0     0     0   0.5     0     |     1  -0.5  -0.5     1     '     0     0     0     0   0.5     0     '     0     0     0     0   0.5     0     |     2
     0     1     0     0     0     0     |     0     0     1    -2     '     0     1     0     0     0     0     '     0     1     0     0     0     0     |     1
     0     0     0     0   0.5     1     |     0  -2.5  -0.5    -1     '     0     0     0     0   0.5     1     '     0     0     0     0   0.5     1     |    11


==================================================================================================================================================================

Tableau 7 -> Eliminar 3x14:

------------------------------------------------------------------------------------------------------------------------------------------------------------------
     0     1     2     3     4     5     |     6     7     8     9     |    10    11    12    13    14    15     |    16    17    18    19    20    21     |    22
------------------------------------------------------------------------------------------------------------------------------------------------------------------
     0     0     0     1     0    -1     |     0     1     0     3     '     0     0     0     1     0    -1     '     1     1     1     0     1     0     |   -10
     -     -     -     -     -     -     -     -     -     -     -     -     -     -     -     -     -     -     -     -     -     -     -     -     -     -     -
     1     0     0    -1     0     0     |     0     2     1     1     '     1     0     0    -1     0     0     '     1     0     0     1     0     0     |     6
     0     0     1     2     0     0     |     0    -4     1     3     '     0     0     1     2     0     0     '     0     0     1    -2     0     0     |     7
     0     0     0     2     1     0     |     0    -3    -1     4     '     0     0     0     2     1     0     '     0     0     0    -2     1     0     |     2
     0     0     0    -1     0     0     |     1     1     0    -1     '     0     0     0    -1     0     0     '     0     0     0     1     0     0     |     1
     0     1     0     0     0     0     |     0     0     1    -2     '     0     1     0     0     0     0     '     0     1     0     0     0     0     |     1
     0     0     0    -1     0     1     |     0    -1     0    -3     '     0     0     0    -1     0     1     '     0     0     0     1     0     1     |    10


==================================================================================================================================================================

Tableau 8 -> Eliminar 6x15:

------------------------------------------------------------------------------------------------------------------------------------------------------------------
     0     1     2     3     4     5     |     6     7     8     9     |    10    11    12    13    14    15     |    16    17    18    19    20    21     |    22
------------------------------------------------------------------------------------------------------------------------------------------------------------------
     0     0     0     0     0     0     |     0     0     0     0     '     0     0     0     0     0     0     '     1     1     1     1     1     1     |     0
     -     -     -     -     -     -     -     -     -     -     -     -     -     -     -     -     -     -     -     -     -     -     -     -     -     -     -
     1     0     0    -1     0     0     |     0     2     1     1     '     1     0     0    -1     0     0     '     1     0     0     1     0     0     |     6
     0     0     1     2     0     0     |     0    -4     1     3     '     0     0     1     2     0     0     '     0     0     1    -2     0     0     |     7
     0     0     0     2     1     0     |     0    -3    -1     4     '     0     0     0     2     1     0     '     0     0     0    -2     1     0     |     2
     0     0     0    -1     0     0     |     1     1     0    -1     '     0     0     0    -1     0     0     '     0     0     0     1     0     0     |     1
     0     1     0     0     0     0     |     0     0     1    -2     '     0     1     0     0     0     0     '     0     1     0     0     0     0     |     1
     0     0     0    -1     0     1     |     0    -1     0    -3     '     0     0     0    -1     0     1     '     0     0     0     1     0     1     |    10


==================================================================================================================================================================

Tableau sem identidade:

------------------------------------------------------------------------------------------------------------------------------------------------------------------
     0     1     2     3     4     5     |     6     7     8     9     |    10    11    12    13    14    15     |    16    17    18    19    20    21     |    22
------------------------------------------------------------------------------------------------------------------------------------------------------------------
     0     0     0     0     0     0     |     0     0     0     0     '     0     0     0     0     0     0     '     0     0     0     0     0     0     |     0
     -     -     -     -     -     -     -     -     -     -     -     -     -     -     -     -     -     -     -     -     -     -     -     -     -     -     -
     1     0     0    -1     0     0     |     0     2     1     1     '     1     0     0    -1     0     0     '     0     0     0     0     0     0     |     6
     0     0     1     2     0     0     |     0    -4     1     3     '     0     0     1     2     0     0     '     0     0     0     0     0     0     |     7
     0     0     0     2     1     0     |     0    -3    -1     4     '     0     0     0     2     1     0     '     0     0     0     0     0     0     |     2
     0     0     0    -1     0     0     |     1     1     0    -1     '     0     0     0    -1     0     0     '     0     0     0     0     0     0     |     1
     0     1     0     0     0     0     |     0     0     1    -2     '     0     1     0     0     0     0     '     0     0     0     0     0     0     |     1
     0     0     0    -1     0     1     |     0    -1     0    -3     '     0     0     0    -1     0     1     '     0     0     0     0     0     0     |    10


==================================================================================================================================================================

Tableau com b original:

------------------------------------------------------------------------------------------------------------------------------------------------------------------
     0     1     2     3     4     5     |     6     7     8     9     |    10    11    12    13    14    15     |    16    17    18    19    20    21     |    22
------------------------------------------------------------------------------------------------------------------------------------------------------------------
     0     0     0     0     0     0     |    -6    10     1     2     '     0     0     0     0     0     0     '     0     0     0     0     0     0     |     0
     -     -     -     -     -     -     -     -     -     -     -     -     -     -     -     -     -     -     -     -     -     -     -     -     -     -     -
     1     0     0    -1     0     0     |     0     2     1     1     '     1     0     0    -1     0     0     '     0     0     0     0     0     0     |     6
     0     0     1     2     0     0     |     0    -4     1     3     '     0     0     1     2     0     0     '     0     0     0     0     0     0     |     7
     0     0     0     2     1     0     |     0    -3    -1     4     '     0     0     0     2     1     0     '     0     0     0     0     0     0     |     2
     0     0     0    -1     0     0     |     1     1     0    -1     '     0     0     0    -1     0     0     '     0     0     0     0     0     0     |     1
     0     1     0     0     0     0     |     0     0     1    -2     '     0     1     0     0     0     0     '     0     0     0     0     0     0     |     1
     0     0     0    -1     0     1     |     0    -1     0    -3     '     0     0     0    -1     0     1     '     0     0     0     0     0     0     |    10


==================================================================================================================================================================

Tableau 0 -> Eliminar 4x6:

------------------------------------------------------------------------------------------------------------------------------------------------------------------
     0     1     2     3     4     5     |     6     7     8     9     |    10    11    12    13    14    15     |    16    17    18    19    20    21     |    22
------------------------------------------------------------------------------------------------------------------------------------------------------------------
     0     0     0    -6     0     0     |     0    16     1    -4     '     0     0     0    -6     0     0     '     0     0     0     0     0     0     |     6
     -     -     -     -     -     -     -     -     -     -     -     -     -     -     -     -     -     -     -     -     -     -     -     -     -     -     -
     1     0     0    -1     0     0     |     0     2     1     1     '     1     0     0    -1     0     0     '     0     0     0     0     0     0     |     6
     0     0     1     2     0     0     |     0    -4     1     3     '     0     0     1     2     0     0     '     0     0     0     0     0     0     |     7
     0     0     0     2     1     0     |     0    -3    -1     4     '     0     0     0     2     1     0     '     0     0     0     0     0     0     |     2
     0     0     0    -1     0     0     |     1     1     0    -1     '     0     0     0    -1     0     0     '     0     0     0     0     0     0     |     1
     0     1     0     0     0     0     |     0     0     1    -2     '     0     1     0     0     0     0     '     0     0     0     0     0     0     |     1
     0     0     0    -1     0     1     |     0    -1     0    -3     '     0     0     0    -1     0     1     '     0     0     0     0     0     0     |    10


==================================================================================================================================================================

Tableau 1 -> Eliminar 3x9:

------------------------------------------------------------------------------------------------------------------------------------------------------------------
     0     1     2     3     4     5     |     6     7     8     9     |    10    11    12    13    14    15     |    16    17    18    19    20    21     |    22
------------------------------------------------------------------------------------------------------------------------------------------------------------------
     0     0     0    -4     1     0     |     0    13     0     0     '     0     0     0    -4     1     0     '     0     0     0     0     0     0     |     8
     -     -     -     -     -     -     -     -     -     -     -     -     -     -     -     -     -     -     -     -     -     -     -     -     -     -     -
     1     0     0  -1.5 -0.25     0     |     0   2.8   1.2     0     '     1     0     0  -1.5 -0.25     0     '     0     0     0     0     0     0     |   5.5
     0     0     1   0.5 -0.75     0     |     0  -1.7   1.7     0     '     0     0     1   0.5 -0.75     0     '     0     0     0     0     0     0     |   5.5
     0     0     0   0.5  0.25     0     |     0 -0.75 -0.25     1     '     0     0     0   0.5  0.25     0     '     0     0     0     0     0     0     |   0.5
     0     0     0  -0.5  0.25     0     |     1  0.25 -0.25     0     '     0     0     0  -0.5  0.25     0     '     0     0     0     0     0     0     |   1.5
     0     1     0     1   0.5     0     |     0  -1.5   0.5     0     '     0     1     0     1   0.5     0     '     0     0     0     0     0     0     |     2
     0     0     0   0.5  0.75     1     |     0  -3.2 -0.75     0     '     0     0     0   0.5  0.75     1     '     0     0     0     0     0     0     |    12


==================================================================================================================================================================

Tableau 2 -> Eliminar 3x13:

------------------------------------------------------------------------------------------------------------------------------------------------------------------
     0     1     2     3     4     5     |     6     7     8     9     |    10    11    12    13    14    15     |    16    17    18    19    20    21     |    22
------------------------------------------------------------------------------------------------------------------------------------------------------------------
     0     0     0     0     3     0     |     0     7    -2     8     '     0     0     0     0     3     0     '     0     0     0     0     0     0     |    12
     -     -     -     -     -     -     -     -     -     -     -     -     -     -     -     -     -     -     -     -     -     -     -     -     -     -     -
     1     0     0     0   0.5     0     |     0   0.5   0.5     3     '     1     0     0     0   0.5     0     '     0     0     0     0     0     0     |     7
     0     0     1     0    -1     0     |     0    -1     2    -1     '     0     0     1     0    -1     0     '     0     0     0     0     0     0     |     5
     0     0     0     1   0.5     0     |     0  -1.5  -0.5     2     '     0     0     0     1   0.5     0     '     0     0     0     0     0     0     |     1
     0     0     0     0   0.5     0     |     1  -0.5  -0.5     1     '     0     0     0     0   0.5     0     '     0     0     0     0     0     0     |     2
     0     1     0     0     0     0     |     0     0     1    -2     '     0     1     0     0     0     0     '     0     0     0     0     0     0     |     1
     0     0     0     0   0.5     1     |     0  -2.5  -0.5    -1     '     0     0     0     0   0.5     1     '     0     0     0     0     0     0     |    11


==================================================================================================================================================================

Tableau 3 -> Eliminar 5x8:

------------------------------------------------------------------------------------------------------------------------------------------------------------------
     0     1     2     3     4     5     |     6     7     8     9     |    10    11    12    13    14    15     |    16    17    18    19    20    21     |    22
------------------------------------------------------------------------------------------------------------------------------------------------------------------
     0     2     0     0     3     0     |     0     7     0     4     '     0     2     0     0     3     0     '     0     0     0     0     0     0     |    14
     -     -     -     -     -     -     -     -     -     -     -     -     -     -     -     -     -     -     -     -     -     -     -     -     -     -     -
     1  -0.5     0     0   0.5     0     |     0   0.5     0     4     '     1  -0.5     0     0   0.5     0     '     0     0     0     0     0     0     |   6.5
     0    -2     1     0    -1     0     |     0    -1     0     3     '     0    -2     1     0    -1     0     '     0     0     0     0     0     0     |     3
     0   0.5     0     1   0.5     0     |     0  -1.5     0     1     '     0   0.5     0     1   0.5     0     '     0     0     0     0     0     0     |   1.5
     0   0.5     0     0   0.5     0     |     1  -0.5     0     0     '     0   0.5     0     0   0.5     0     '     0     0     0     0     0     0     |   2.5
     0     1     0     0     0     0     |     0     0     1    -2     '     0     1     0     0     0     0     '     0     0     0     0     0     0     |     1
     0   0.5     0     0   0.5     1     |     0  -2.5     0    -2     '     0   0.5     0     0   0.5     1     '     0     0     0     0     0     0     |    12


==================================================================================================================================================================

otima
14
2.5 0 1 0 
0 2 0 0 3 0 
