Tableau inicial:

------------------------------------------------------------------------------------------------------------------------------------------------------------------------------------------------------
     0     1     2     3     4     5     6     |     7     8     9    10    11    12    13     |    14    15    16    17    18    19    20     |    21    22    23    24    25    26    27     |    28
------------------------------------------------------------------------------------------------------------------------------------------------------------------------------------------------------
     0     0     0     0     0     0     0     |     8    -5    -2     6     9    -7     6     '     0     0     0     0     0     0     0     '     0     0     0     0     0     0     0     |     0
     -     -     -     -     -     -     -     -     -     -     -     -     -     -     -     -     -     -     -     -     -     -     -     -     -     -     -     -     -     -     -     -     -
     1     0     0     0     0     0     0     |    -2     1     1    -1    -1    -1     0     '     1     0     0     0     0     0     0     '     0     0     0     0     0     0     0     |    -4
     0     1     0     0     0     0     0     |     0    -1     0     0     2     1    -1     '     0     1     0     0     0     0     0     '     0     0     0     0     0     0     0     |    10
     0     0     1     0     0     0     0     |    -2     1    -2     2    -1    -2     1     '     0     0     1     0     0     0     0     '     0     0     0     0     0     0     0     |    -8
     0     0     0     1     0     0     0     |    -2     1     1    -2     2     1    -1     '     0     0     0     1     0     0     0     '     0     0     0     0     0     0     0     |     3
     0     0     0     0     1     0     0     |     0     2     2     2     2     0    -2     '     0     0     0     0     1     0     0     '     0     0     0     0     0     0     0     |    -8
     0     0     0     0     0     1     0     |    -2     0     0     1     0     0    -1     '     0     0     0     0     0     1     0     '     0     0     0     0     0     0     0     |     0
     0     0     0     0     0     0     1     |     1     0    -1    -2    -2     0     1     '     0     0     0     0     0     0     1     '     0     0     0     0     0     0     0     |    -1


======================================================================================================================================================================================================

Tableau tratado:

------------------------------------------------------------------------------------------------------------------------------------------------------------------------------------------------------
     0     1     2     3     4     5     6     |     7     8     9    10    11    12    13     |    14    15    16    17    18    19    20     |    21    22    23    24    25    26    27     |    28
------------------------------------------------------------------------------------------------------------------------------------------------------------------------------------------------------
     0     0     0     0     0     0     0     |     8    -5    -2     6     9    -7     6     '     0     0     0     0     0     0     0     '     0     0     0     0     0     0     0     |     0
     -     -     -     -     -     -     -     -     -     -     -     -     -     -     -     -     -     -     -     -     -     -     -     -     -     -     -     -     -     -     -     -     -
    -1     0     0     0     0     0     0     |     2    -1    -1     1     1     1     0     '    -1     0     0     0     0     0     0     '     0     0     0     0     0     0     0     |     4
     0     1     0     0     0     0     0     |     0    -1     0     0     2     1    -1     '     0     1     0     0     0     0     0     '     0     0     0     0     0     0     0     |    10
     0     0    -1     0     0     0     0     |     2    -1     2    -2     1     2    -1     '     0     0    -1     0     0     0     0     '     0     0     0     0     0     0     0     |     8
     0     0     0     1     0     0     0     |    -2     1     1    -2     2     1    -1     '     0     0     0     1     0     0     0     '     0     0     0     0     0     0     0     |     3
     0     0     0     0    -1     0     0     |     0    -2    -2    -2    -2     0     2     '     0     0     0     0    -1     0     0     '     0     0     0     0     0     0     0     |     8
     0     0     0     0     0     1     0     |    -2     0     0     1     0     0    -1     '     0     0     0     0     0     1     0     '     0     0     0     0     0     0     0     |     0
     0     0     0     0     0     0    -1     |    -1     0     1     2     2     0    -1     '     0     0     0     0     0     0    -1     '     0     0     0     0     0     0     0     |     1


======================================================================================================================================================================================================

------------
PL Auxiliar:

------------------------------------------------------------------------------------------------------------------------------------------------------------------------------------------------------
     0     1     2     3     4     5     6     |     7     8     9    10    11    12    13     |    14    15    16    17    18    19    20     |    21    22    23    24    25    26    27     |    28
------------------------------------------------------------------------------------------------------------------------------------------------------------------------------------------------------
     0     0     0     0     0     0     0     |     0     0     0     0     0     0     0     '     0     0     0     0     0     0     0     '     1     1     1     1     1     1     1     |     0
     -     -     -     -     -     -     -     -     -     -     -     -     -     -     -     -     -     -     -     -     -     -     -     -     -     -     -     -     -     -     -     -     -
    -1     0     0     0     0     0     0     |     2    -1    -1     1     1     1     0     '    -1     0     0     0     0     0     0     '     1     0     0     0     0     0     0     |     4
     0     1     0     0     0     0     0     |     0    -1     0     0     2     1    -1     '     0     1     0     0     0     0     0     '     0     1     0     0     0     0     0     |    10
     0     0    -1     0     0     0     0     |     2    -1     2    -2     1     2    -1     '     0     0    -1     0     0     0     0     '     0     0     1     0     0     0     0     |     8
     0     0     0     1     0     0     0     |    -2     1     1    -2     2     1    -1     '     0     0     0     1     0     0     0     '     0     0     0     1     0     0     0     |     3
     0     0     0     0    -1     0     0     |     0    -2    -2    -2    -2     0     2     '     0     0     0     0    -1     0     0     '     0     0     0     0     1     0     0     |     8
     0     0     0     0     0     1     0     |    -2     0     0     1     0     0    -1     '     0     0     0     0     0     1     0     '     0     0     0     0     0     1     0     |     0
     0     0     0     0     0     0    -1     |    -1     0     1     2     2     0    -1     '     0     0     0     0     0     0    -1     '     0     0     0     0     0     0     1     |     1


======================================================================================================================================================================================================


------------------------------------------------------------------------------------------------------------------------------------------------------------------------------------------------------
     0     1     2     3     4     5     6     |     7     8     9    10    11    12    13     |    14    15    16    17    18    19    20     |    21    22    23    24    25    26    27     |    28
------------------------------------------------------------------------------------------------------------------------------------------------------------------------------------------------------
     1    -1     1    -1     1    -1     1     |     1     4    -1     2    -6    -5     3     '     1    -1     1    -1     1    -1     1     '     0     0     0     0     0     0     0     |   -34
     -     -     -     -     -     -     -     -     -     -     -     -     -     -     -     -     -     -     -     -     -     -     -     -     -     -     -     -     -     -     -     -     -
    -1     0     0     0     0     0     0     |     2    -1    -1     1     1     1     0     '    -1     0     0     0     0     0     0     '     1     0     0     0     0     0     0     |     4
     0     1     0     0     0     0     0     |     0    -1     0     0     2     1    -1     '     0     1     0     0     0     0     0     '     0     1     0     0     0     0     0     |    10
     0     0    -1     0     0     0     0     |     2    -1     2    -2     1     2    -1     '     0     0    -1     0     0     0     0     '     0     0     1     0     0     0     0     |     8
     0     0     0     1     0     0     0     |    -2     1     1    -2     2     1    -1     '     0     0     0     1     0     0     0     '     0     0     0     1     0     0     0     |     3
     0     0     0     0    -1     0     0     |     0    -2    -2    -2    -2     0     2     '     0     0     0     0    -1     0     0     '     0     0     0     0     1     0     0     |     8
     0     0     0     0     0     1     0     |    -2     0     0     1     0     0    -1     '     0     0     0     0     0     1     0     '     0     0     0     0     0     1     0     |     0
     0     0     0     0     0     0    -1     |    -1     0     1     2     2     0    -1     '     0     0     0     0     0     0    -1     '     0     0     0     0     0     0     1     |     1


======================================================================================================================================================================================================

Tableau 0 -> Eliminar 7x9:

------------------------------------------------------------------------------------------------------------------------------------------------------------------------------------------------------
     0     1     2     3     4     5     6     |     7     8     9    10    11    12    13     |    14    15    16    17    18    19    20     |    21    22    23    24    25    26    27     |    28
------------------------------------------------------------------------------------------------------------------------------------------------------------------------------------------------------
     1    -1     1    -1     1    -1     0     |     0     4     0     4    -4    -5     2     '     1    -1     1    -1     1    -1     0     '     0     0     0     0     0     0     1     |   -33
     -     -     -     -     -     -     -     -     -     -     -     -     -     -     -     -     -     -     -     -     -     -     -     -     -     -     -     -     -     -     -     -     -
    -1     0     0     0     0     0    -1     |     1    -1     0     3     3     1    -1     '    -1     0     0     0     0     0    -1     '     1     0     0     0     0     0     1     |     5
     0     1     0     0     0     0     0     |     0    -1     0     0     2     1    -1     '     0     1     0     0     0     0     0     '     0     1     0     0     0     0     0     |    10
     0     0    -1     0     0     0     2     |     4    -1     0    -6    -3     2     1     '     0     0    -1     0     0     0     2     '     0     0     1     0     0     0    -2     |     6
     0     0     0     1     0     0     1     |    -1     1     0    -4     0     1     0     '     0     0     0     1     0     0     1     '     0     0     0     1     0     0    -1     |     2
     0     0     0     0    -1     0    -2     |    -2    -2     0     2     2     0     0     '     0     0     0     0    -1     0    -2     '     0     0     0     0     1     0     2     |    10
     0     0     0     0     0     1     0     |    -2     0     0     1     0     0    -1     '     0     0     0     0     0     1     0     '     0     0     0     0     0     1     0     |     0
     0     0     0     0     0     0    -1     |    -1     0     1     2     2     0    -1     '     0     0     0     0     0     0    -1     '     0     0     0     0     0     0     1     |     1


======================================================================================================================================================================================================

Tableau 1 -> Eliminar 7x11:

------------------------------------------------------------------------------------------------------------------------------------------------------------------------------------------------------
     0     1     2     3     4     5     6     |     7     8     9    10    11    12    13     |    14    15    16    17    18    19    20     |    21    22    23    24    25    26    27     |    28
------------------------------------------------------------------------------------------------------------------------------------------------------------------------------------------------------
     1    -1     1    -1     1    -1    -2     |    -2     4     2     8     0    -5     0     '     1    -1     1    -1     1    -1    -2     '     0     0     0     0     0     0     3     |   -31
     -     -     -     -     -     -     -     -     -     -     -     -     -     -     -     -     -     -     -     -     -     -     -     -     -     -     -     -     -     -     -     -     -
    -1     0     0     0     0     0   0.5     |   2.5    -1  -1.5     0     0     1   0.5     '    -1     0     0     0     0     0   0.5     '     1     0     0     0     0     0  -0.5     |   3.5
     0     1     0     0     0     0     1     |     1    -1    -1    -2     0     1     0     '     0     1     0     0     0     0     1     '     0     1     0     0     0     0    -1     |     9
     0     0    -1     0     0     0   0.5     |   2.5    -1   1.5    -3     0     2  -0.5     '     0     0    -1     0     0     0   0.5     '     0     0     1     0     0     0  -0.5     |   7.5
     0     0     0     1     0     0     1     |    -1     1     0    -4     0     1     0     '     0     0     0     1     0     0     1     '     0     0     0     1     0     0    -1     |     2
     0     0     0     0    -1     0    -1     |    -1    -2    -1     0     0     0     1     '     0     0     0     0    -1     0    -1     '     0     0     0     0     1     0     1     |     9
     0     0     0     0     0     1     0     |    -2     0     0     1     0     0    -1     '     0     0     0     0     0     1     0     '     0     0     0     0     0     1     0     |     0
     0     0     0     0     0     0  -0.5     |  -0.5     0   0.5     1     1     0  -0.5     '     0     0     0     0     0     0  -0.5     '     0     0     0     0     0     0   0.5     |   0.5


======================================================================================================================================================================================================

Tableau 2 -> Eliminar 1x7:

------------------------------------------------------------------------------------------------------------------------------------------------------------------------------------------------------
     0     1     2     3     4     5     6     |     7     8     9    10    11    12    13     |    14    15    16    17    18    19    20     |    21    22    23    24    25    26    27     |    28
------------------------------------------------------------------------------------------------------------------------------------------------------------------------------------------------------
   0.2    -1     1    -1     1    -1  -1.6     |     0   3.2   0.8     8     0  -4.2   0.4     '   0.2    -1     1    -1     1    -1  -1.6     '   0.8     0     0     0     0     0   2.6     |   -28
     -     -     -     -     -     -     -     -     -     -     -     -     -     -     -     -     -     -     -     -     -     -     -     -     -     -     -     -     -     -     -     -     -
  -0.4     0     0     0     0     0   0.2     |     1  -0.4  -0.6     0     0   0.4   0.2     '  -0.4     0     0     0     0     0   0.2     '   0.4     0     0     0     0     0  -0.2     |   1.4
   0.4     1     0     0     0     0   0.8     |     0  -0.6  -0.4    -2     0   0.6  -0.2     '   0.4     1     0     0     0     0   0.8     '  -0.4     1     0     0     0     0  -0.8     |   7.6
     1     0    -1     0     0     0     0     |     0     0     3    -3     0     1    -1     '     1     0    -1     0     0     0     0     '    -1     0     1     0     0     0     0     |     4
  -0.4     0     0     1     0     0   1.2     |     0   0.6  -0.6    -4     0   1.4   0.2     '  -0.4     0     0     1     0     0   1.2     '   0.4     0     0     1     0     0  -1.2     |   3.4
  -0.4     0     0     0    -1     0  -0.8     |     0  -2.4  -1.6     0     0   0.4   1.2     '  -0.4     0     0     0    -1     0  -0.8     '   0.4     0     0     0     1     0   0.8     |    10
  -0.8     0     0     0     0     1   0.4     |     0  -0.8  -1.2     1     0   0.8  -0.6     '  -0.8     0     0     0     0     1   0.4     '   0.8     0     0     0     0     1  -0.4     |   2.8
  -0.2     0     0     0     0     0  -0.4     |     0  -0.2   0.2     1     1   0.2  -0.4     '  -0.2     0     0     0     0     0  -0.4     '   0.2     0     0     0     0     0   0.4     |   1.2


======================================================================================================================================================================================================

Tableau 3 -> Eliminar 4x12:

------------------------------------------------------------------------------------------------------------------------------------------------------------------------------------------------------
     0     1     2     3     4     5     6     |     7     8     9    10    11    12    13     |    14    15    16    17    18    19    20     |    21    22    23    24    25    26    27     |    28
------------------------------------------------------------------------------------------------------------------------------------------------------------------------------------------------------
    -1    -1     1     2     1    -1     2     |     0     5    -1    -4     0     0     1     '    -1    -1     1     2     1    -1     2     '     2     0     0     3     0     0    -1     |   -18
     -     -     -     -     -     -     -     -     -     -     -     -     -     -     -     -     -     -     -     -     -     -     -     -     -     -     -     -     -     -     -     -     -
 -0.29     0     0 -0.29     0     0 -0.14     |     1 -0.57 -0.43   1.1     0     0  0.14     ' -0.29     0     0 -0.29     0     0 -0.14     '  0.29     0     0 -0.29     0     0  0.14     |  0.43
  0.57     1     0 -0.43     0     0  0.29     |     0 -0.86 -0.14 -0.29     0     0 -0.29     '  0.57     1     0 -0.43     0     0  0.29     ' -0.57     1     0 -0.43     0     0 -0.29     |   6.1
   1.3     0    -1 -0.71     0     0 -0.86     |     0 -0.43   3.4 -0.14     0     0  -1.1     '   1.3     0    -1 -0.71     0     0 -0.86     '  -1.3     0     1 -0.71     0     0  0.86     |   1.6
 -0.29     0     0  0.71     0     0  0.86     |     0  0.43 -0.43  -2.9     0     1  0.14     ' -0.29     0     0  0.71     0     0  0.86     '  0.29     0     0  0.71     0     0 -0.86     |   2.4
 -0.29     0     0 -0.29    -1     0  -1.1     |     0  -2.6  -1.4   1.1     0     0   1.1     ' -0.29     0     0 -0.29    -1     0  -1.1     '  0.29     0     0 -0.29     1     0   1.1     |   9.4
 -0.57     0     0 -0.57     0     1 -0.29     |     0  -1.1 -0.86   3.3     0     0 -0.71     ' -0.57     0     0 -0.57     0     1 -0.29     '  0.57     0     0 -0.57     0     1  0.29     |  0.86
 -0.14     0     0 -0.14     0     0 -0.57     |     0 -0.29  0.29   1.6     1     0 -0.43     ' -0.14     0     0 -0.14     0     0 -0.57     '  0.14     0     0 -0.14     0     0  0.57     |  0.71


======================================================================================================================================================================================================

Tableau 4 -> Eliminar 3x9:

------------------------------------------------------------------------------------------------------------------------------------------------------------------------------------------------------
     0     1     2     3     4     5     6     |     7     8     9    10    11    12    13     |    14    15    16    17    18    19    20     |    21    22    23    24    25    26    27     |    28
------------------------------------------------------------------------------------------------------------------------------------------------------------------------------------------------------
 -0.62    -1  0.71   1.8     1    -1   1.8     |     0   4.9     0    -4     0     0  0.67     ' -0.62    -1  0.71   1.8     1    -1   1.8     '   1.6     0  0.29   2.8     0     0 -0.75     |   -18
     -     -     -     -     -     -     -     -     -     -     -     -     -     -     -     -     -     -     -     -     -     -     -     -     -     -     -     -     -     -     -     -     -
 -0.12     0 -0.12 -0.38     0     0 -0.25     |     1 -0.63     0   1.1     0     0     0     ' -0.12     0 -0.12 -0.38     0     0 -0.25     '  0.12     0  0.12 -0.38     0     0  0.25     |  0.62
  0.62     1-0.042 -0.46     0     0  0.25     |     0 -0.88     0 -0.29     0     0 -0.33     '  0.62     1-0.042 -0.46     0     0  0.25     ' -0.62     1 0.042 -0.46     0     0 -0.25     |   6.2
  0.38     0 -0.29 -0.21     0     0 -0.25     |     0 -0.13     1-0.042     0     0 -0.33     '  0.38     0 -0.29 -0.21     0     0 -0.25     ' -0.38     0  0.29 -0.21     0     0  0.25     |  0.46
 -0.12     0 -0.12  0.62     0     0  0.75     |     0  0.38     0  -2.9     0     1     0     ' -0.12     0 -0.12  0.62     0     0  0.75     '  0.12     0  0.12  0.62     0     0 -0.75     |   2.6
  0.25     0 -0.42 -0.58    -1     0  -1.5     |     0  -2.8     0   1.1     0     0  0.67     '  0.25     0 -0.42 -0.58    -1     0  -1.5     ' -0.25     0  0.42 -0.58     1     0   1.5     |    10
 -0.25     0 -0.25 -0.75     0     1  -0.5     |     0  -1.3     0   3.2     0     0    -1     ' -0.25     0 -0.25 -0.75     0     1  -0.5     '  0.25     0  0.25 -0.75     0     1   0.5     |   1.2
 -0.25     0 0.083-0.083     0     0  -0.5     |     0 -0.25     0   1.6     1     0 -0.33     ' -0.25     0 0.083-0.083     0     0  -0.5     '  0.25     0-0.083-0.083     0     0   0.5     |  0.58


======================================================================================================================================================================================================

Tableau 5 -> Eliminar 7x10:

------------------------------------------------------------------------------------------------------------------------------------------------------------------------------------------------------
     0     1     2     3     4     5     6     |     7     8     9    10    11    12    13     |    14    15    16    17    18    19    20     |    21    22    23    24    25    26    27     |    28
------------------------------------------------------------------------------------------------------------------------------------------------------------------------------------------------------
  -1.3    -1  0.92   1.6     1    -1  0.47     |     0   4.2     0     0   2.6     0 -0.18     '  -1.3    -1  0.92   1.6     1    -1  0.47     '   2.3     0 0.079   2.6     0     0  0.53     |   -16
     -     -     -     -     -     -     -     -     -     -     -     -     -     -     -     -     -     -     -     -     -     -     -     -     -     -     -     -     -     -     -     -     -
 0.053     0 -0.18 -0.32     0     0  0.11     |     1 -0.45     0     0 -0.71     0  0.24     ' 0.053     0 -0.18 -0.32     0     0  0.11     '-0.053     0  0.18 -0.32     0     0 -0.11     |  0.21
  0.58     1-0.026 -0.47     0     0  0.16     |     0 -0.92     0     0  0.18     0 -0.39     '  0.58     1-0.026 -0.47     0     0  0.16     ' -0.58     1 0.026 -0.47     0     0 -0.16     |   6.3
  0.37     0 -0.29 -0.21     0     0 -0.26     |     0 -0.13     1     0 0.026     0 -0.34     '  0.37     0 -0.29 -0.21     0     0 -0.26     ' -0.37     0  0.29 -0.21     0     0  0.26     |  0.47
 -0.58     0 0.026  0.47     0     0 -0.16     |     0-0.079     0     0   1.8     1 -0.61     ' -0.58     0 0.026  0.47     0     0 -0.16     '  0.58     0-0.026  0.47     0     0  0.16     |   3.7
  0.42     0 -0.47 -0.53    -1     0  -1.2     |     0  -2.6     0     0 -0.68     0  0.89     '  0.42     0 -0.47 -0.53    -1     0  -1.2     ' -0.42     0  0.47 -0.53     1     0   1.2     |   9.7
  0.26     0 -0.42 -0.58     0     1  0.53     |     0 -0.74     0     0  -2.1     0 -0.32     '  0.26     0 -0.42 -0.58     0     1  0.53     ' -0.26     0  0.42 -0.58     0     1 -0.53     | 0.053
 -0.16     0 0.053-0.053     0     0 -0.32     |     0 -0.16     0     1  0.63     0 -0.21     ' -0.16     0 0.053-0.053     0     0 -0.32     '  0.16     0-0.053-0.053     0     0  0.32     |  0.37


======================================================================================================================================================================================================

Tableau 6 -> Eliminar 1x13:

------------------------------------------------------------------------------------------------------------------------------------------------------------------------------------------------------
     0     1     2     3     4     5     6     |     7     8     9    10    11    12    13     |    14    15    16    17    18    19    20     |    21    22    23    24    25    26    27     |    28
------------------------------------------------------------------------------------------------------------------------------------------------------------------------------------------------------
  -1.2    -1  0.78   1.3     1    -1  0.56     |  0.78   3.9     0     0     2     0     0     '  -1.2    -1  0.78   1.3     1    -1  0.56     '   2.2     0  0.22   2.3     0     0  0.44     |   -16
     -     -     -     -     -     -     -     -     -     -     -     -     -     -     -     -     -     -     -     -     -     -     -     -     -     -     -     -     -     -     -     -     -
  0.22     0 -0.78  -1.3     0     0  0.44     |   4.2  -1.9     0     0    -3     0     1     '  0.22     0 -0.78  -1.3     0     0  0.44     ' -0.22     0  0.78  -1.3     0     0 -0.44     |  0.89
  0.67     1 -0.33    -1     0     0  0.33     |   1.7  -1.7     0     0    -1     0     0     '  0.67     1 -0.33    -1     0     0  0.33     ' -0.67     1  0.33    -1     0     0 -0.33     |   6.7
  0.44     0 -0.56 -0.67     0     0 -0.11     |   1.4 -0.78     1     0    -1     0     0     '  0.44     0 -0.56 -0.67     0     0 -0.11     ' -0.44     0  0.56 -0.67     0     0  0.11     |  0.78
 -0.44     0 -0.44 -0.33     0     0  0.11     |   2.6  -1.2     0     0     0     1     0     ' -0.44     0 -0.44 -0.33     0     0  0.11     '  0.44     0  0.44 -0.33     0     0 -0.11     |   4.2
  0.22     0  0.22  0.67    -1     0  -1.6     |  -3.8 -0.89     0     0     2     0     0     '  0.22     0  0.22  0.67    -1     0  -1.6     ' -0.22     0 -0.22  0.67     1     0   1.6     |   8.9
  0.33     0 -0.67    -1     0     1  0.67     |   1.3  -1.3     0     0    -3     0     0     '  0.33     0 -0.67    -1     0     1  0.67     ' -0.33     0  0.67    -1     0     1 -0.67     |  0.33
 -0.11     0 -0.11 -0.33     0     0 -0.22     |  0.89 -0.56     0     1     0     0     0     ' -0.11     0 -0.11 -0.33     0     0 -0.22     '  0.11     0  0.11 -0.33     0     0  0.22     |  0.56


======================================================================================================================================================================================================

Tableau 7 -> Eliminar 6x14:

------------------------------------------------------------------------------------------------------------------------------------------------------------------------------------------------------
     0     1     2     3     4     5     6     |     7     8     9    10    11    12    13     |    14    15    16    17    18    19    20     |    21    22    23    24    25    26    27     |    28
------------------------------------------------------------------------------------------------------------------------------------------------------------------------------------------------------
     0    -1  -1.7  -2.3     1   2.7     3     |   5.7    -1     0     0    -9     0     0     '     0    -1  -1.7  -2.3     1   2.7     3     '     1     0   2.7  -1.3     0   3.7    -2     |   -15
     -     -     -     -     -     -     -     -     -     -     -     -     -     -     -     -     -     -     -     -     -     -     -     -     -     -     -     -     -     -     -     -     -
     0     0 -0.33 -0.67     0 -0.67     0     |   3.3    -1     0     0    -1     0     1     '     0     0 -0.33 -0.67     0 -0.67     0     '     0     0  0.33 -0.67     0 -0.67     0     |  0.67
     0     1     1     1     0    -2    -1     |    -1     1     0     0     5     0     0     '     0     1     1     1     0    -2    -1     '     0     1    -1     1     0    -2     1     |     6
     0     0  0.33  0.67     0  -1.3    -1     | -0.33     1     1     0     3     0     0     '     0     0  0.33  0.67     0  -1.3    -1     '     0     0 -0.33  0.67     0  -1.3     1     |  0.33
     0     0  -1.3  -1.7     0   1.3     1     |   4.3    -3     0     0    -4     1     0     '     0     0  -1.3  -1.7     0   1.3     1     '     0     0   1.3  -1.7     0   1.3    -1     |   4.7
     0     0  0.67   1.3    -1 -0.67    -2     |  -4.7     0     0     0     4     0     0     '     0     0  0.67   1.3    -1 -0.67    -2     '     0     0 -0.67   1.3     1 -0.67     2     |   8.7
     1     0    -2    -3     0     3     2     |     4    -4     0     0    -9     0     0     '     1     0    -2    -3     0     3     2     '    -1     0     2    -3     0     3    -2     |     1
     0     0 -0.33 -0.67     0  0.33     0     |   1.3    -1     0     1    -1     0     0     '     0     0 -0.33 -0.67     0  0.33     0     '     0     0  0.33 -0.67     0  0.33     0     |  0.67


======================================================================================================================================================================================================

Tableau 8 -> Eliminar 3x8:

------------------------------------------------------------------------------------------------------------------------------------------------------------------------------------------------------
     0     1     2     3     4     5     6     |     7     8     9    10    11    12    13     |    14    15    16    17    18    19    20     |    21    22    23    24    25    26    27     |    28
------------------------------------------------------------------------------------------------------------------------------------------------------------------------------------------------------
     0    -1  -1.3  -1.7     1   1.3     2     |   5.3     0     1     0    -6     0     0     '     0    -1  -1.3  -1.7     1   1.3     2     '     1     0   2.3 -0.67     0   2.3    -1     |   -14
     -     -     -     -     -     -     -     -     -     -     -     -     -     -     -     -     -     -     -     -     -     -     -     -     -     -     -     -     -     -     -     -     -
     0     0     0     0     0    -2    -1     |     3     0     1     0     2     0     1     '     0     0     0     0     0    -2    -1     '     0     0     0     0     0    -2     1     |     1
     0     1  0.67  0.33     0 -0.67     0     | -0.67     0    -1     0     2     0     0     '     0     1  0.67  0.33     0 -0.67     0     '     0     1 -0.67  0.33     0 -0.67     0     |   5.7
     0     0  0.33  0.67     0  -1.3    -1     | -0.33     1     1     0     3     0     0     '     0     0  0.33  0.67     0  -1.3    -1     '     0     0 -0.33  0.67     0  -1.3     1     |  0.33
     0     0 -0.33  0.33     0  -2.7    -2     |   3.3     0     3     0     5     1     0     '     0     0 -0.33  0.33     0  -2.7    -2     '     0     0  0.33  0.33     0  -2.7     2     |   5.7
     0     0  0.67   1.3    -1 -0.67    -2     |  -4.7     0     0     0     4     0     0     '     0     0  0.67   1.3    -1 -0.67    -2     '     0     0 -0.67   1.3     1 -0.67     2     |   8.7
     1     0 -0.67 -0.33     0  -2.3    -2     |   2.7     0     4     0     3     0     0     '     1     0 -0.67 -0.33     0  -2.3    -2     '    -1     0  0.67 -0.33     0  -2.3     2     |   2.3
     0     0     0     0     0    -1    -1     |     1     0     1     1     2     0     0     '     0     0     0     0     0    -1    -1     '     0     0     0     0     0    -1     1     |     1


======================================================================================================================================================================================================

Tableau 9 -> Eliminar 3x11:

------------------------------------------------------------------------------------------------------------------------------------------------------------------------------------------------------
     0     1     2     3     4     5     6     |     7     8     9    10    11    12    13     |    14    15    16    17    18    19    20     |    21    22    23    24    25    26    27     |    28
------------------------------------------------------------------------------------------------------------------------------------------------------------------------------------------------------
     0    -1 -0.67 -0.33     1  -1.3     0     |   4.7     2     3     0     0     0     0     '     0    -1 -0.67 -0.33     1  -1.3     0     '     1     0   1.7  0.67     0 -0.33     1     |   -14
     -     -     -     -     -     -     -     -     -     -     -     -     -     -     -     -     -     -     -     -     -     -     -     -     -     -     -     -     -     -     -     -     -
     0     0 -0.22 -0.44     0  -1.1 -0.33     |   3.2 -0.67  0.33     0     0     0     1     '     0     0 -0.22 -0.44     0  -1.1 -0.33     '     0     0  0.22 -0.44     0  -1.1  0.33     |  0.78
     0     1  0.44 -0.11     0  0.22  0.67     | -0.44 -0.67  -1.7     0     0     0     0     '     0     1  0.44 -0.11     0  0.22  0.67     '     0     1 -0.44 -0.11     0  0.22 -0.67     |   5.4
     0     0  0.11  0.22     0 -0.44 -0.33     | -0.11  0.33  0.33     0     1     0     0     '     0     0  0.11  0.22     0 -0.44 -0.33     '     0     0 -0.11  0.22     0 -0.44  0.33     |  0.11
     0     0 -0.89 -0.78     0 -0.44 -0.33     |   3.9  -1.7   1.3     0     0     1     0     '     0     0 -0.89 -0.78     0 -0.44 -0.33     '     0     0  0.89 -0.78     0 -0.44  0.33     |   5.1
     0     0  0.22  0.44    -1   1.1 -0.67     |  -4.2  -1.3  -1.3     0     0     0     0     '     0     0  0.22  0.44    -1   1.1 -0.67     '     0     0 -0.22  0.44     1   1.1  0.67     |   8.2
     1     0    -1    -1     0    -1    -1     |     3    -1     3     0     0     0     0     '     1     0    -1    -1     0    -1    -1     '    -1     0     1    -1     0    -1     1     |     2
     0     0 -0.22 -0.44     0 -0.11 -0.33     |   1.2 -0.67  0.33     1     0     0     0     '     0     0 -0.22 -0.44     0 -0.11 -0.33     '     0     0  0.22 -0.44     0 -0.11  0.33     |  0.78


======================================================================================================================================================================================================

Tableau 10 -> Eliminar 2x15:

------------------------------------------------------------------------------------------------------------------------------------------------------------------------------------------------------
     0     1     2     3     4     5     6     |     7     8     9    10    11    12    13     |    14    15    16    17    18    19    20     |    21    22    23    24    25    26    27     |    28
------------------------------------------------------------------------------------------------------------------------------------------------------------------------------------------------------
     0     0 -0.22 -0.44     1  -1.1  0.67     |   4.2   1.3   1.3     0     0     0     0     '     0     0 -0.22 -0.44     1  -1.1  0.67     '     1     1   1.2  0.56     0 -0.11  0.33     |  -8.2
     -     -     -     -     -     -     -     -     -     -     -     -     -     -     -     -     -     -     -     -     -     -     -     -     -     -     -     -     -     -     -     -     -
     0     0 -0.22 -0.44     0  -1.1 -0.33     |   3.2 -0.67  0.33     0     0     0     1     '     0     0 -0.22 -0.44     0  -1.1 -0.33     '     0     0  0.22 -0.44     0  -1.1  0.33     |  0.78
     0     1  0.44 -0.11     0  0.22  0.67     | -0.44 -0.67  -1.7     0     0     0     0     '     0     1  0.44 -0.11     0  0.22  0.67     '     0     1 -0.44 -0.11     0  0.22 -0.67     |   5.4
     0     0  0.11  0.22     0 -0.44 -0.33     | -0.11  0.33  0.33     0     1     0     0     '     0     0  0.11  0.22     0 -0.44 -0.33     '     0     0 -0.11  0.22     0 -0.44  0.33     |  0.11
     0     0 -0.89 -0.78     0 -0.44 -0.33     |   3.9  -1.7   1.3     0     0     1     0     '     0     0 -0.89 -0.78     0 -0.44 -0.33     '     0     0  0.89 -0.78     0 -0.44  0.33     |   5.1
     0     0  0.22  0.44    -1   1.1 -0.67     |  -4.2  -1.3  -1.3     0     0     0     0     '     0     0  0.22  0.44    -1   1.1 -0.67     '     0     0 -0.22  0.44     1   1.1  0.67     |   8.2
     1     0    -1    -1     0    -1    -1     |     3    -1     3     0     0     0     0     '     1     0    -1    -1     0    -1    -1     '    -1     0     1    -1     0    -1     1     |     2
     0     0 -0.22 -0.44     0 -0.11 -0.33     |   1.2 -0.67  0.33     1     0     0     0     '     0     0 -0.22 -0.44     0 -0.11 -0.33     '     0     0  0.22 -0.44     0 -0.11  0.33     |  0.78


======================================================================================================================================================================================================

Tableau 11 -> Eliminar 3x16:

------------------------------------------------------------------------------------------------------------------------------------------------------------------------------------------------------
     0     1     2     3     4     5     6     |     7     8     9    10    11    12    13     |    14    15    16    17    18    19    20     |    21    22    23    24    25    26    27     |    28
------------------------------------------------------------------------------------------------------------------------------------------------------------------------------------------------------
     0     0     0     0     1    -2     0     |     4     2     2     0     2     0     0     '     0     0     0     0     1    -2     0     '     1     1     1     1     0    -1     1     |    -8
     -     -     -     -     -     -     -     -     -     -     -     -     -     -     -     -     -     -     -     -     -     -     -     -     -     -     -     -     -     -     -     -     -
     0     0     0     0     0    -2    -1     |     3     0     1     0     2     0     1     '     0     0     0     0     0    -2    -1     '     0     0     0     0     0    -2     1     |     1
     0     1     0    -1     0     2     2     |     0    -2    -3     0    -4     0     0     '     0     1     0    -1     0     2     2     '     0     1     0    -1     0     2    -2     |     5
     0     0     1     2     0    -4    -3     |    -1     3     3     0     9     0     0     '     0     0     1     2     0    -4    -3     '     0     0    -1     2     0    -4     3     |     1
     0     0     0     1     0    -4    -3     |     3     1     4     0     8     1     0     '     0     0     0     1     0    -4    -3     '     0     0     0     1     0    -4     3     |     6
     0     0     0     0    -1     2     0     |    -4    -2    -2     0    -2     0     0     '     0     0     0     0    -1     2     0     '     0     0     0     0     1     2     0     |     8
     1     0     0     1     0    -5    -4     |     2     2     6     0     9     0     0     '     1     0     0     1     0    -5    -4     '    -1     0     0     1     0    -5     4     |     3
     0     0     0     0     0    -1    -1     |     1     0     1     1     2     0     0     '     0     0     0     0     0    -1    -1     '     0     0     0     0     0    -1     1     |     1


======================================================================================================================================================================================================

Tableau 12 -> Eliminar 2x19:

------------------------------------------------------------------------------------------------------------------------------------------------------------------------------------------------------
     0     1     2     3     4     5     6     |     7     8     9    10    11    12    13     |    14    15    16    17    18    19    20     |    21    22    23    24    25    26    27     |    28
------------------------------------------------------------------------------------------------------------------------------------------------------------------------------------------------------
     0     1     0    -1     1     0     2     |     4     0    -1     0    -2     0     0     '     0     1     0    -1     1     0     2     '     1     2     1     0     0     1    -1     |    -3
     -     -     -     -     -     -     -     -     -     -     -     -     -     -     -     -     -     -     -     -     -     -     -     -     -     -     -     -     -     -     -     -     -
     0     1     0    -1     0     0     1     |     3    -2    -2     0    -2     0     1     '     0     1     0    -1     0     0     1     '     0     1     0    -1     0     0    -1     |     6
     0   0.5     0  -0.5     0     1     1     |     0    -1  -1.5     0    -2     0     0     '     0   0.5     0  -0.5     0     1     1     '     0   0.5     0  -0.5     0     1    -1     |   2.5
     0     2     1     0     0     0     1     |    -1    -1    -3     0     1     0     0     '     0     2     1     0     0     0     1     '     0     2    -1     0     0     0    -1     |    11
     0     2     0    -1     0     0     1     |     3    -3    -2     0     0     1     0     '     0     2     0    -1     0     0     1     '     0     2     0    -1     0     0    -1     |    16
     0    -1     0     1    -1     0    -2     |    -4     0     1     0     2     0     0     '     0    -1     0     1    -1     0    -2     '     0    -1     0     1     1     0     2     |     3
     1   2.5     0  -1.5     0     0     1     |     2    -3  -1.5     0    -1     0     0     '     1   2.5     0  -1.5     0     0     1     '    -1   2.5     0  -1.5     0     0    -1     |    15
     0   0.5     0  -0.5     0     0     0     |     1    -1  -0.5     1     0     0     0     '     0   0.5     0  -0.5     0     0     0     '     0   0.5     0  -0.5     0     0     0     |   3.5


======================================================================================================================================================================================================

Tableau 13 -> Eliminar 5x9:

------------------------------------------------------------------------------------------------------------------------------------------------------------------------------------------------------
     0     1     2     3     4     5     6     |     7     8     9    10    11    12    13     |    14    15    16    17    18    19    20     |    21    22    23    24    25    26    27     |    28
------------------------------------------------------------------------------------------------------------------------------------------------------------------------------------------------------
     0     0     0     0     0     0     0     |     0     0     0     0     0     0     0     '     0     0     0     0     0     0     0     '     1     1     1     1     1     1     1     |     0
     -     -     -     -     -     -     -     -     -     -     -     -     -     -     -     -     -     -     -     -     -     -     -     -     -     -     -     -     -     -     -     -     -
     0    -1     0     1    -2     0    -3     |    -5    -2     0     0     2     0     1     '     0    -1     0     1    -2     0    -3     '     0    -1     0     1     2     0     3     |    12
     0    -1     0     1  -1.5     1    -2     |    -6    -1     0     0     1     0     0     '     0    -1     0     1  -1.5     1    -2     '     0    -1     0     1   1.5     1     2     |     7
     0    -1     1     3    -3     0    -5     |   -13    -1     0     0     7     0     0     '     0    -1     1     3    -3     0    -5     '     0    -1    -1     3     3     0     5     |    20
     0     0     0     1    -2     0    -3     |    -5    -3     0     0     4     1     0     '     0     0     0     1    -2     0    -3     '     0     0     0     1     2     0     3     |    22
     0    -1     0     1    -1     0    -2     |    -4     0     1     0     2     0     0     '     0    -1     0     1    -1     0    -2     '     0    -1     0     1     1     0     2     |     3
     1     1     0     0  -1.5     0    -2     |    -4    -3     0     0     2     0     0     '     1     1     0     0  -1.5     0    -2     '    -1     1     0     0   1.5     0     2     |    20
     0     0     0     0  -0.5     0    -1     |    -1    -1     0     1     1     0     0     '     0     0     0     0  -0.5     0    -1     '     0     0     0     0   0.5     0     1     |     5


======================================================================================================================================================================================================

Tableau sem identidade:

------------------------------------------------------------------------------------------------------------------------------------------------------------------------------------------------------
     0     1     2     3     4     5     6     |     7     8     9    10    11    12    13     |    14    15    16    17    18    19    20     |    21    22    23    24    25    26    27     |    28
------------------------------------------------------------------------------------------------------------------------------------------------------------------------------------------------------
     0     0     0     0     0     0     0     |     0     0     0     0     0     0     0     '     0     0     0     0     0     0     0     '     0     0     0     0     0     0     0     |     0
     -     -     -     -     -     -     -     -     -     -     -     -     -     -     -     -     -     -     -     -     -     -     -     -     -     -     -     -     -     -     -     -     -
     0    -1     0     1    -2     0    -3     |    -5    -2     0     0     2     0     1     '     0    -1     0     1    -2     0    -3     '     0     0     0     0     0     0     0     |    12
     0    -1     0     1  -1.5     1    -2     |    -6    -1     0     0     1     0     0     '     0    -1     0     1  -1.5     1    -2     '     0     0     0     0     0     0     0     |     7
     0    -1     1     3    -3     0    -5     |   -13    -1     0     0     7     0     0     '     0    -1     1     3    -3     0    -5     '     0     0     0     0     0     0     0     |    20
     0     0     0     1    -2     0    -3     |    -5    -3     0     0     4     1     0     '     0     0     0     1    -2     0    -3     '     0     0     0     0     0     0     0     |    22
     0    -1     0     1    -1     0    -2     |    -4     0     1     0     2     0     0     '     0    -1     0     1    -1     0    -2     '     0     0     0     0     0     0     0     |     3
     1     1     0     0  -1.5     0    -2     |    -4    -3     0     0     2     0     0     '     1     1     0     0  -1.5     0    -2     '     0     0     0     0     0     0     0     |    20
     0     0     0     0  -0.5     0    -1     |    -1    -1     0     1     1     0     0     '     0     0     0     0  -0.5     0    -1     '     0     0     0     0     0     0     0     |     5


======================================================================================================================================================================================================

Tableau com b original:

------------------------------------------------------------------------------------------------------------------------------------------------------------------------------------------------------
     0     1     2     3     4     5     6     |     7     8     9    10    11    12    13     |    14    15    16    17    18    19    20     |    21    22    23    24    25    26    27     |    28
------------------------------------------------------------------------------------------------------------------------------------------------------------------------------------------------------
     0     0     0     0     0     0     0     |     8    -5    -2     6     9    -7     6     '     0     0     0     0     0     0     0     '     0     0     0     0     0     0     0     |     0
     -     -     -     -     -     -     -     -     -     -     -     -     -     -     -     -     -     -     -     -     -     -     -     -     -     -     -     -     -     -     -     -     -
     0    -1     0     1    -2     0    -3     |    -5    -2     0     0     2     0     1     '     0    -1     0     1    -2     0    -3     '     0     0     0     0     0     0     0     |    12
     0    -1     0     1  -1.5     1    -2     |    -6    -1     0     0     1     0     0     '     0    -1     0     1  -1.5     1    -2     '     0     0     0     0     0     0     0     |     7
     0    -1     1     3    -3     0    -5     |   -13    -1     0     0     7     0     0     '     0    -1     1     3    -3     0    -5     '     0     0     0     0     0     0     0     |    20
     0     0     0     1    -2     0    -3     |    -5    -3     0     0     4     1     0     '     0     0     0     1    -2     0    -3     '     0     0     0     0     0     0     0     |    22
     0    -1     0     1    -1     0    -2     |    -4     0     1     0     2     0     0     '     0    -1     0     1    -1     0    -2     '     0     0     0     0     0     0     0     |     3
     1     1     0     0  -1.5     0    -2     |    -4    -3     0     0     2     0     0     '     1     1     0     0  -1.5     0    -2     '     0     0     0     0     0     0     0     |    20
     0     0     0     0  -0.5     0    -1     |    -1    -1     0     1     1     0     0     '     0     0     0     0  -0.5     0    -1     '     0     0     0     0     0     0     0     |     5


======================================================================================================================================================================================================

ilimitada
0 0 3 5 0 22 12 
0 1 0 1 0 3 2 
